0.000000000000000000e+00 0.000000000000000000e+00 0.000000000000000000e+00 0.000000000000000000e+00 0.000000000000000000e+00 4.000000000000000000e+00 4.000000000000000000e+00 4.000000000000000000e+00 4.000000000000000000e+00 4.000000000000000000e+00 0.000000000000000000e+00 0.000000000000000000e+00 0.000000000000000000e+00 0.000000000000000000e+00 0.000000000000000000e+00 0.000000000000000000e+00 0.000000000000000000e+00 0.000000000000000000e+00 0.000000000000000000e+00 0.000000000000000000e+00 0.000000000000000000e+00 0.000000000000000000e+00
-4.720762593697402032e+00 4.720762593697402032e+00 -4.450610589702546527e+00 8.875514598872245031e-01 -1.261838579319129350e+00 3.069608857449497741e+00 3.933525768142790646e+00 3.565576800396241808e+00 3.429494626774518995e+00 3.002869563945731901e+00 -1.580760790882864031e+00 6.155749901538457580e-01 -3.200246232889522036e-01 -5.262236961373015914e-02 -1.002136987246371319e-01 -1.064837363623077349e-01 -1.145263506161205563e-01 -1.198021383763768349e-01 -1.182720015284055709e-01 -1.037592528885698806e-01 -7.655515769336569687e-02 7.655515769336569687e-02
-9.234696450964542391e-01 9.234696450964542391e-01 -4.847973890038150380e+00 4.320893957586632972e+00 -2.114994250799382858e+00 5.778919363405083942e+00 2.755538467997034946e+00 2.558481841857389583e+00 3.091495555864024247e+00 2.624128963200116349e+00 -9.071560317848161858e-01 7.348590774816206039e-01 -1.550878334790342095e-01 -3.628319941374770746e-03 -2.585810188259881834e-02 -5.065086295357793672e-02 -7.450274251444891083e-02 -9.127623348772383183e-02 -9.198281504914587736e-02 -6.392322617918667904e-02 -1.222065938308794508e-02 1.222065938308794508e-02
4.614673430448192448e+00 -4.614673430448192448e+00 -5.458997845172404162e+00 9.143520030995709647e+00 3.176183985223079986e-01 1.574299909910225725e+00 4.043225712738443889e+00 2.766245889970645244e+00 3.264223194272747541e+00 2.827863775767450072e+00 -1.028735716951822754e+00 7.498930283366720406e-01 1.226752105015476851e-01 1.030653919095839838e-01 8.151185678707492666e-02 3.909477847856174249e-02 -1.715912590994234229e-03 -3.338291154920848547e-02 -4.434390849909402438e-02 -1.631005153533135466e-02 4.249492376882630512e-02 -4.249492376882630512e-02
3.647990900223425648e+00 -3.647990900223425648e+00 -2.996085747688334688e+00 -1.845076759910090347e+00 7.825446804196572792e+00 -3.212307381207126777e+00 4.865246390953046784e+00 4.244702196031751029e+00 4.633454141633933432e+00 3.953215009074273034e+00 -1.612367627841263529e+00 1.560754087471002971e-01 3.333424778691091994e-01 2.365501038683399115e-01 1.938580919236507216e-01 1.212273165993861812e-01 5.811912428936471392e-02 1.067838290662200505e-02 -9.779076072361591807e-03 1.751343268681013546e-02 8.080297951791388933e-02 -8.080297951791388933e-02
3.366620985282599676e+00 -3.366620985282599676e+00 -5.269158404903564019e+00 7.717041118214361672e-01 -4.636819026590600856e+00 4.733948579827396586e+00 6.195198468491041943e+00 5.887535834271905522e+00 5.073203327674558061e+00 5.230656381985332892e+00 -2.259726933924564918e+00 -1.322215779016740367e+00 6.470841511689987557e-01 4.242796208116838552e-01 3.228458732424072108e-01 1.979026124175695678e-01 1.064554205289943434e-01 4.296747222867983163e-02 1.356563900290753619e-02 3.867396381786275539e-02 1.041930303462943325e-01 -1.041930303462943325e-01
4.688840989373948887e+00 -4.688840989373948887e+00 -5.579500645895062227e+00 -2.099366998331467116e+00 -8.105677783219435995e+00 1.047662671813719371e+01 8.433879835227410027e+00 6.054569988548130333e+00 4.957782103848761501e+00 5.873395679075771980e+00 -2.192760387623678753e+00 -3.773489152667310886e+00 1.397539477383176632e+00 6.726728674279400799e-01 4.340634531127252060e-01 2.447797039127773133e-01 1.279354908785504397e-01 5.408741397806873796e-02 2.017631647120305891e-02 4.453309722871270221e-02 1.123216308248306400e-01 -1.123216308248306400e-01
4.030331648972087066e+00 -4.030331648972087066e+00 -5.100682367015149765e+00 -2.114147016445242944e+00 -5.453418069651734257e+00 8.815009049556921994e+00 6.263212299531920380e+00 6.132729435408291963e+00 5.910377307134675462e+00 6.254828960599847498e+00 -2.731487043130004011e+00 -5.105670703505744257e+00 1.450860014009477394e+00 7.512000597269236080e-01 4.367888625639732569e-01 2.240596774119926748e-01 1.061797081034048934e-01 3.696492499768776890e-02 7.191340293608052860e-03 3.435872471746405366e-02 1.057551696175958594e-01 -1.057551696175958594e-01
3.361695658628643724e+00 -3.361695658628643724e+00 -3.810433181779232736e+00 -7.619391441989196156e-01 -2.115654661917153234e+00 4.412666714446143779e+00 3.358667489352280988e+00 4.521239749674829334e+00 7.647202577482873131e+00 9.490716751563857301e+00 -4.822270777944662967e+00 -4.034560980859631663e+00 2.326133541420943585e-01 3.380371158270842336e-01 2.314605126389663314e-01 1.038037026040724842e-01 3.164979492543739531e-02 -1.033058513424994253e-02 -2.470716404639448915e-02 9.813048901606181637e-03 8.654482836496189824e-02 -8.654482836496189824e-02
2.051376167947464246e+00 -2.051376167947464246e+00 -2.208778712983263226e+00 4.185084439514080712e-01 2.881557408499964557e-01 2.685784166496201664e+00 3.160241342339973336e+00 6.119436172053601908e+00 5.213774712253335331e+00 9.302506838248465471e+00 -6.293220089757929792e+00 -3.769970951155938277e+00 -9.035249085918592993e-01 -4.607164996773481236e-01 -1.546411475733620589e-01 -9.776228144867306347e-02 -8.288335331958214536e-02 -7.894680796135425394e-02 -6.919984898838622833e-02 -2.417637597490144771e-02 5.865742340420118661e-02 -5.865742340420118661e-02
1.025076538710041563e+00 -1.025076538710041563e+00 -1.408039076500390507e+00 2.744969634414447412e+00 9.674409877816889658e-01 2.167950317103390034e+00 2.036987191586348889e+00 6.440597547038030335e+00 4.528323607186589328e+00 5.600460005155911247e+00 -5.269391646580090516e+00 -3.414716627661903647e+00 -7.019646447187665173e-01 -8.675479773082570567e-01 -4.435969565026057770e-01 -2.812394171464565051e-01 -1.972825057408211791e-01 -1.493766588752002411e-01 -1.151343469072267367e-01 -6.001961901948640182e-02 2.756977010741284290e-02 -2.756977010741284290e-02
3.545219177774007191e-01 -3.545219177774007191e-01 -5.912279118838180691e-01 3.811853492709478264e+00 -6.464716346585225315e-01 2.546361504915529483e+00 3.350291125541700055e+00 3.057122500470688564e+00 3.787354515081496675e+00 7.167349712070515189e+00 -5.305743826363196192e+00 -3.353985227314598028e+00 -5.863895971295800535e-01 -1.072655217166475161e+00 -5.829580474759553654e-01 -3.924992199856612296e-01 -2.801775801923702680e-01 -2.028093399909514927e-01 -1.507397095579994517e-01 -8.940212804754252285e-02 -7.925968583346148762e-04 7.925968583346148762e-04
-2.597807346804144046e-01 2.597807346804144046e-01 1.532900371989061039e-01 3.105927002509622614e+00 -5.280570035737525147e-01 1.686484929591920423e+00 1.864134331086829910e+00 4.385976387968289814e+00 3.173300854376506663e+00 6.916375859908376000e+00 -4.685850236201397401e+00 -2.836708712113414244e+00 -6.305821206020195691e-01 -1.293881714097778302e+00 -6.601216189913302612e-01 -4.301464765104965338e-01 -3.188989210683900732e-01 -2.275509795576005911e-01 -1.674432974595419232e-01 -1.056325367267137577e-01 -2.139162319446859251e-02 2.139162319446859251e-02
-8.555875449158032442e-01 8.555875449158032442e-01 7.698561745388300404e-01 2.532642544957710573e+00 2.278992489777642572e-01 2.437473066057032955e+00 3.031919409830204692e+00 2.005150771965945822e+00 3.766577462256268660e+00 4.304300027831454045e+00 -4.316835430085403047e+00 -2.967100978046707915e+00 -2.196045096054443369e-01 -1.307253198407923422e+00 -6.992408699507358660e-01 -4.115763085417315503e-01 -3.195283297596364647e-01 -2.229109648898346119e-01 -1.626214421849530023e-01 -1.055142311821229001e-01 -3.116951743635959504e-02 3.116951743635959504e-02
-1.337757539704520937e+00 1.337757539704520937e+00 1.458560229652152707e+00 2.075421519800308534e+00 -1.751300556310374734e+00 2.464258458839027277e+00 1.815004739429437519e+00 5.730619010920340095e+00 1.063239952466894733e+00 2.594142666726362734e+00 -2.875267245312772335e+00 -3.235922174990242706e+00 6.570505228389535990e-01 -9.886929491278937387e-01 -6.200605062729457329e-01 -3.089303911972623995e-01 -2.758508458474736025e-01 -1.887219883152681243e-01 -1.364551626100050929e-01 -8.867144626015921460e-02 -2.908596437753992181e-02 2.908596437753992181e-02
-1.516506764783811523e+00 1.516506764783811523e+00 1.076909336285872376e+00 -8.694893253978121239e-02 -9.342844160650031204e-01 2.534363417011011865e+00 5.482951760942749608e+00 1.249732177100823627e+00 3.432394985561273870e+00 2.447870683203560382e+00 -3.984028668579815857e+00 -3.887803272486386241e+00 1.161328939730447374e+00 -5.689547536910880554e-01 -5.422074928656168691e-01 -1.662969681918539666e-01 -2.036480252580173955e-01 -1.342674944243804347e-01 -9.375757788750960220e-02 -5.767694204328640412e-02 -1.604240224584149721e-02 1.604240224584149721e-02
1.008204637782317947e+00 -1.008204637782317947e+00 -1.334396761715455071e+00 5.569436868626310710e-01 5.873673570625980167e-01 2.778266100604628530e+00 1.480237125183819336e+00 6.184919122441231210e+00 3.112982379955169243e+00 7.437201556484454024e-01 -1.851323345364233264e+00 -3.193382383438359451e+00 3.244254027055589185e-01 1.360615748751572429e-01 -4.822951061586077115e-01 -3.540658325643579463e-02 -1.218792192979834543e-01 -7.118403330815079033e-02 -4.113185929025945514e-02 -1.655982484252660827e-02 6.027897095936295309e-03 -6.027897095936295309e-03
4.716149263374636580e-01 -4.716149263374636580e-01 -5.715533693196819254e-01 1.005453112161213136e+00 -3.147309032147584951e+00 3.823029305259519450e+00 6.582179863825184718e+00 5.177616045262473099e-01 2.596080700575421396e+00 5.655715112009883860e+00 -3.959663097873563853e+00 -3.093848026514407490e+00 -2.170915488964886286e+00 8.742721567440809860e-01 -4.239258714294414920e-01 3.587825565519935089e-02 -4.396454853710377031e-02 -6.200820311594429195e-03 1.647127298910366910e-02 3.096958121264418648e-02 3.541626298073613510e-02 -3.541626298073613510e-02
2.032908227871365603e-01 -2.032908227871365603e-01 -2.954510943760707553e-01 7.928608239374179689e-01 -1.617327394009194119e+00 1.568975870814216078e+00 1.735991826855036724e+00 7.320076113545201935e+00 2.855493296406845349e+00 -3.270584984426546438e+00 1.118958685573396616e+00 -2.707117020613424074e+00 -9.170546038534000965e-01 3.534329464294427847e-01 -3.546934999454786075e-01 9.953053060762540039e-02 4.085677384016642849e-02 6.183423953975987486e-02 7.666122768282598865e-02 8.230259931198551093e-02 7.182121633185327425e-02 -7.182121633185327425e-02
5.274212451568741078e-03 -5.274212451568741078e-03 -2.033517419690421824e-01 8.429004394702551695e-01 -3.297627401417067894e+00 6.154050862763241092e+00 3.681801492002091614e+00 -3.937748456806224318e-01 1.488578284382148453e+00 -1.717162276331153814e+00 3.135649578314466113e-01 -1.389441846404788627e+00 -4.434443709045141069e-01 6.340553419253189826e-01 -9.287659158782193836e-02 1.645318659718338905e-01 1.202997910195331283e-01 1.213259156668763938e-01 1.268215182759153681e-01 1.257817820823095845e-01 1.115623901223898595e-01 -1.115623901223898595e-01
0.000000000000000000e+00 0.000000000000000000e+00 0.000000000000000000e+00 0.000000000000000000e+00 0.000000000000000000e+00 0.000000000000000000e+00 0.000000000000000000e+00 0.000000000000000000e+00 0.000000000000000000e+00 0.000000000000000000e+00 7.942189253969897944e-01 1.062753384140531082e-01 -2.386156285290696455e-01 4.656013568872460762e-01 3.433738286879330082e-02 0.000000000000000000e+00 0.000000000000000000e+00 0.000000000000000000e+00 0.000000000000000000e+00 0.000000000000000000e+00 0.000000000000000000e+00 0.000000000000000000e+00
-0.000000000000000000e+00 0.000000000000000000e+00 0.000000000000000000e+00 0.000000000000000000e+00 0.000000000000000000e+00 0.000000000000000000e+00 0.000000000000000000e+00 0.000000000000000000e+00 0.000000000000000000e+00 0.000000000000000000e+00 7.942189253969897944e-01 1.062753384140531082e-01 -2.386156285290696455e-01 4.656013568872460762e-01 3.433738286879330082e-02 0.000000000000000000e+00 0.000000000000000000e+00 0.000000000000000000e+00 0.000000000000000000e+00 0.000000000000000000e+00 0.000000000000000000e+00 -0.000000000000000000e+00
