0.000000000000000000e+00 0.000000000000000000e+00 0.000000000000000000e+00 0.000000000000000000e+00 0.000000000000000000e+00 4.000000000000000000e+00 4.000000000000000000e+00 4.000000000000000000e+00 4.000000000000000000e+00 4.000000000000000000e+00 0.000000000000000000e+00 0.000000000000000000e+00 0.000000000000000000e+00 0.000000000000000000e+00 0.000000000000000000e+00 0.000000000000000000e+00 0.000000000000000000e+00 0.000000000000000000e+00 0.000000000000000000e+00 0.000000000000000000e+00 0.000000000000000000e+00 0.000000000000000000e+00
2.207575122561210995e-03 -2.207575122561210995e-03 -8.919591291088087162e-04 7.591606393242514295e-02 -2.138684516339240116e-01 3.929846104033656751e+00 3.971000077155843577e+00 3.971267800999847886e+00 3.934919376438650751e+00 4.013571517682592571e+00 2.969222235466781878e-01 1.201351939152981718e-01 8.573709247111811760e-02 4.996774990202714622e-02 -3.682768511508182057e-03 -5.775156338021202734e-02 -8.947681816599752092e-02 -1.297668422324399773e-01 -1.722380228020622683e-01 -2.255721119061931956e-01 -3.476038208541871732e-01 3.476038208541871732e-01
2.354484319037444817e-02 -2.354484319037444817e-02 -2.244945179307381716e-02 1.319367836606787636e-01 -4.388494977951586384e-01 3.794301432981050937e+00 3.914327536325221679e+00 3.934424850369160342e+00 3.871380819540959362e+00 4.081107728043147809e+00 6.632204399873690148e-01 3.233006964259889648e-01 2.521823448665700407e-01 1.792430343795965997e-01 7.072721558773595318e-02 -3.915076288463941595e-02 -1.046461135743651932e-01 -1.864093620882568414e-01 -2.720545961190335982e-01 -3.781952195233763692e-01 -6.167963069994780723e-01 6.167963069994780723e-01
3.871885694281836099e-02 -3.871885694281836099e-02 -3.554115999851147761e-02 2.066293196993448655e-01 -6.094713296507702216e-01 3.687119191788568173e+00 3.930198728880859527e+00 3.962749923553253950e+00 3.839633061526662949e+00 4.170433302869755110e+00 9.945727573572487046e-01 4.751210513553236758e-01 3.681401226776660485e-01 2.652839826375126830e-01 1.096836809266906743e-01 -4.918237228284583901e-02 -1.428291898600796417e-01 -2.608200404364079961e-01 -3.855947677632176052e-01 -5.402903716039713089e-01 -8.852285557484258494e-01 8.852285557484258494e-01
1.403280323141174457e-01 -1.403280323141174457e-01 -1.388251763599347155e-01 1.866776569003441022e-01 -8.372099469121001558e-01 3.446186158438706570e+00 3.838039004547628696e+00 3.917866698614936638e+00 3.754850180532713466e+00 4.249783161904302276e+00 1.368510435450200236e+00 7.314377073502588145e-01 5.866922893052435306e-01 4.460299978682993882e-01 2.315102902751324798e-01 9.169893468873171333e-03 -1.262222895025407743e-01 -2.905805743347374404e-01 -4.622242484761303616e-01 -6.691765380043832590e-01 -1.112462985412677297e+00 1.112462985412677297e+00
2.079901150276541044e-01 -2.079901150276541044e-01 -2.029928758169729786e-01 2.142742346256099328e-01 -9.429741424852501330e-01 3.297279331553732096e+00 3.879999783283562209e+00 4.006034217742710624e+00 3.756802109675263068e+00 4.373329833286964785e+00 1.695984127796148044e+00 8.938612189463941426e-01 6.962388663749892181e-01 5.221890798777236720e-01 2.597908044570004238e-01 -1.240259076041898625e-02 -1.752453165687398728e-01 -3.721427450142678617e-01 -5.799152155598554792e-01 -8.297938524638818203e-01 -1.354768457883073651e+00 1.354768457883073651e+00
3.906741519103179017e-01 -3.906741519103179017e-01 -3.884662360365983003e-01 9.696225949849174297e-02 -1.136501785354973704e+00 2.971576887249671728e+00 3.730970983172201549e+00 3.939151961469133045e+00 3.628850865481639598e+00 4.409441638526820029e+00 2.036794692275562646e+00 1.193481586552846085e+00 9.763092557381518599e-01 7.746611116483372861e-01 4.528529182861915081e-01 1.069372369000301248e-01 -1.100388015278054299e-01 -3.624305598380933580e-01 -6.249715505992301523e-01 -9.294069064898512478e-01 -1.530106545273330232e+00 1.530106545273330232e+00
4.978875230275974229e-01 -4.978875230275974229e-01 -4.894522131464474901e-01 6.344024363840786163e-02 -1.146977750336790836e+00 2.828883365587663512e+00 3.792801847045731645e+00 4.090106256588449618e+00 3.675107438947306182e+00 4.567181815703746928e+00 2.377961924064561750e+00 1.387290129481480339e+00 1.088836827798142171e+00 8.355240272868984519e-01 4.537783118141088257e-01 5.050468797721836128e-02 -1.944837056338374892e-01 -4.741092783485712503e-01 -7.676217679054488929e-01 -1.107365186665251633e+00 -1.760285396226959787e+00 1.760285396226959787e+00
7.488376041031504782e-01 -7.488376041031504782e-01 -7.432962536096614503e-01 -1.708949537059705204e-01 -1.298940539732760691e+00 2.483112511276844181e+00 3.586133664892178885e+00 3.988908961895556882e+00 3.483693462609106728e+00 4.510612617143835656e+00 2.627435019480772738e+00 1.678495335804373267e+00 1.404055068386632632e+00 1.155243765828603220e+00 7.301969956143959939e-01 2.517245085056198928e-01 -5.603998442288930099e-02 -4.002360913154828781e-01 -7.583834623203679071e-01 -1.157743518866743759e+00 -1.864168106619480181e+00 1.864168106619480181e+00
8.753204158804225310e-01 -8.753204158804225310e-01 -8.606682120624804533e-01 -2.762554188874023486e-01 -1.216118304183642529e+00 2.411878198665761808e+00 3.652119074940273435e+00 4.173551085075041911e+00 3.558652298422876115e+00 4.692009576315450126e+00 2.998572878888210891e+00 1.934703927323337513e+00 1.548548052326389257e+00 1.212424640379422103e+00 6.987751058860198761e-01 1.443278190306965525e-01 -1.956060660624421021e-01 -5.617008023733336408e-01 -9.437901557971309918e-01 -1.369191724964122114e+00 -2.097994974741981267e+00 2.097994974741981267e+00
1.157068951291858383e+00 -1.157068951291858383e+00 -1.143948640565751962e+00 -6.070267110541127664e-01 -1.320297964797133572e+00 2.125165287072040332e+00 3.392388084912021817e+00 4.017545868932050013e+00 3.285302986686583271e+00 4.510286191287452340e+00 3.111196726659318124e+00 2.157676987071988073e+00 1.844578524782402029e+00 1.555532373033476246e+00 1.031850861644320938e+00 4.193729655348649721e-01 2.570962771205420605e-02 -4.017301449494816157e-01 -8.510277906109519064e-01 -1.338530084389318420e+00 -2.100219754624744528e+00 2.100219754624744528e+00
1.238563888181645201e+00 -1.238563888181645201e+00 -1.213080603460215068e+00 -7.191420133993172703e-01 -1.135504440916325075e+00 2.153885964787393803e+00 3.404219777348857612e+00 4.153265083865055551e+00 3.332410425680346844e+00 4.674099091662330174e+00 3.506255796303160643e+00 2.491002234491097145e+00 2.043966491454428436e+00 1.622330636694466532e+00 9.709814588957338399e-01 2.570643572085398731e-01 -1.746146084564939305e-01 -6.196742248658319019e-01 -1.085642803454335281e+00 -1.590125445216563627e+00 -2.348525718446157207e+00 2.348525718446157207e+00
1.462459655363082867e+00 -1.462459655363082867e+00 -1.429853212211487978e+00 -1.016151552565193628e+00 -1.153353081937629643e+00 1.938885774571983189e+00 3.042803302218123118e+00 3.864542633322792575e+00 2.928561913708208841e+00 4.317363900833846024e+00 3.455703758083360722e+00 2.619016343271311609e+00 2.290932736015597548e+00 1.948237584144229873e+00 1.316388304757075467e+00 5.695929597411993894e-01 1.119951933270752487e-01 -3.714472144969380163e-01 -8.902184037167869546e-01 -1.448875657355832347e+00 -2.219213428144767075e+00 2.219213428144767075e+00
1.370425979030039043e+00 -1.370425979030039043e+00 -1.320609540716312758e+00 -9.620586028179393123e-01 -8.463444124067218688e-01 1.995889476701792065e+00 2.913245488524128124e+00 3.846753605564669165e+00 2.891220344830631728e+00 4.395583045647649456e+00 3.866455712977878711e+00 3.028410744233599239e+00 2.538457910436752840e+00 2.007744219058750001e+00 1.209034108712522482e+00 3.419316181978723779e-01 -1.510463353569727052e-01 -6.447026496213709157e-01 -1.172005862979235591e+00 -1.739642674740369710e+00 -2.487585528780490218e+00 2.487585528780490218e+00
1.456068768018676796e+00 -1.456068768018676796e+00 -1.385123381948317745e+00 -1.081457709870828454e+00 -7.758068973991162354e-01 1.764642054236286617e+00 2.413356545402726372e+00 3.357940678018991765e+00 2.339268483612583438e+00 3.787326350287697263e+00 3.638893872741302715e+00 3.061128770572993485e+00 2.738171075803610854e+00 2.306325754426295838e+00 1.543956585934540993e+00 6.648252677017000289e-01 1.827398273341660495e-01 -3.118378066304038909e-01 -8.606073077073124189e-01 -1.461332951864149798e+00 -2.198188560968313610e+00 2.198188560968313610e+00
1.128926382329732858e+00 -1.128926382329732858e+00 -1.052176682919165884e+00 -8.038740435549267538e-01 -4.202144079573206792e-01 1.744425593935124308e+00 2.183014719876730236e+00 3.198507026419744381e+00 2.278923206606089824e+00 3.749909603759131294e+00 4.125674439438508756e+00 3.569519953637190657e+00 3.004429325582380628e+00 2.307176689279105020e+00 1.346997715884130642e+00 3.472821218739527982e-01 -1.498726166642915247e-01 -6.398714205090491047e-01 -1.186796996144235949e+00 -1.788669287608235292e+00 -2.489458371792112601e+00 2.489458371792112601e+00
1.106944942038330160e+00 -1.106944942038330160e+00 -1.009470065086081947e+00 -7.887988171280067018e-01 -3.646037285995608057e-01 1.402192898436224855e+00 1.611964413872342794e+00 2.528591414038639851e+00 1.645239736321860491e+00 2.841951814085653005e+00 3.761537431829754308e+00 3.548979250582463774e+00 3.185391984357683448e+00 2.587838776017014730e+00 1.663754617567459126e+00 6.642467766522885952e-01 2.211223067009441823e-01 -2.181144410255297095e-01 -7.346099907135342777e-01 -1.328855889548061775e+00 -1.987564814216646658e+00 1.987564814216646658e+00
6.190660590661154483e-01 -6.190660590661154483e-01 -5.474008170550805907e-01 -4.001722796469260324e-01 -5.578125158822475754e-02 1.284681890532978432e+00 1.409454431059119939e+00 2.301654781334915523e+00 1.684900344759175272e+00 2.759230854224700824e+00 4.503027486463699880e+00 4.190920861663929742e+00 3.390792246368210971e+00 2.443315685258606873e+00 1.323251872549763286e+00 2.363531861414068236e-01 -1.775500174828520406e-01 -5.911573782841054170e-01 -1.096968523779348947e+00 -1.687129602585920596e+00 -2.300663771269668256e+00 2.300663771269668256e+00
5.688672915161968602e-01 -5.688672915161968602e-01 -4.925518653929864543e-01 -3.698882467232396665e-01 -9.398735853416813335e-02 8.024715012670895486e-01 8.143708890404576239e-01 1.432166787917358075e+00 9.460218444281530692e-01 1.530336534052367137e+00 4.124445623301650876e+00 4.198773836304020790e+00 3.588599912073911824e+00 2.715337329365657304e+00 1.609494055466854201e+00 5.234551749865888892e-01 2.121111391416714842e-01 -8.120288994238106239e-02 -4.689611497313524446e-01 -9.661926708765187222e-01 -1.476387873887278879e+00 1.476387873887278879e+00
-6.753929370472028584e-03 6.753929370472028584e-03 2.227425726088047217e-02 5.062901522565677742e-02 1.650124475203608720e-01 6.300404158218447792e-01 6.921396789661438120e-01 1.167329023954547740e+00 1.127333098362601760e+00 1.636180223032524417e+00 5.449089131264430286e+00 4.818628526118012623e+00 3.522722010110690860e+00 2.304454123114723085e+00 1.051095840870704512e+00 -5.459340736140183559e-02 -2.558662844160728422e-01 -4.838832701906652378e-01 -8.464105152744593186e-01 -1.325690106329987072e+00 -1.769846510110563376e+00 1.769846510110563376e+00
0.000000000000000000e+00 0.000000000000000000e+00 0.000000000000000000e+00 0.000000000000000000e+00 0.000000000000000000e+00 0.000000000000000000e+00 0.000000000000000000e+00 0.000000000000000000e+00 0.000000000000000000e+00 0.000000000000000000e+00 5.447025521184924557e+00 4.817979864074936280e+00 3.521071371026009089e+00 2.294260748586776089e+00 1.033299959908234422e+00 0.000000000000000000e+00 0.000000000000000000e+00 0.000000000000000000e+00 0.000000000000000000e+00 0.000000000000000000e+00 0.000000000000000000e+00 0.000000000000000000e+00
-0.000000000000000000e+00 0.000000000000000000e+00 0.000000000000000000e+00 0.000000000000000000e+00 0.000000000000000000e+00 0.000000000000000000e+00 0.000000000000000000e+00 0.000000000000000000e+00 0.000000000000000000e+00 0.000000000000000000e+00 5.447025521184924557e+00 4.817979864074936280e+00 3.521071371026009089e+00 2.294260748586776089e+00 1.033299959908234422e+00 0.000000000000000000e+00 0.000000000000000000e+00 0.000000000000000000e+00 0.000000000000000000e+00 0.000000000000000000e+00 0.000000000000000000e+00 -0.000000000000000000e+00
