0.000000000000000000e+00 0.000000000000000000e+00 0.000000000000000000e+00 0.000000000000000000e+00 0.000000000000000000e+00 4.000000000000000000e+00 4.000000000000000000e+00 4.000000000000000000e+00 4.000000000000000000e+00 4.000000000000000000e+00 0.000000000000000000e+00 0.000000000000000000e+00 0.000000000000000000e+00 0.000000000000000000e+00 0.000000000000000000e+00 0.000000000000000000e+00 0.000000000000000000e+00 0.000000000000000000e+00 0.000000000000000000e+00 0.000000000000000000e+00 0.000000000000000000e+00 0.000000000000000000e+00
-4.677772802273973823e-02 4.677772802273973823e-02 5.566342487516177245e-02 1.311096567804968249e-01 -1.201065027222926185e-01 3.980655119316321766e+00 4.026614626731935154e+00 4.030354385910122517e+00 3.990060284759056941e+00 4.071499929986459598e+00 3.602356177988363384e-01 1.601835233615341303e-01 1.142837951055420270e-01 7.397472282410567923e-02 1.447711662402280386e-02 -6.419729555328679282e-02 -1.232799116498033698e-01 -1.922349666502038701e-01 -2.708625040515847404e-01 -3.772724147894037094e-01 -5.851366621792940537e-01 5.851366621792940537e-01
4.256640449735708820e-02 -4.256640449735708820e-02 -2.495946291444452875e-02 1.315187324308725592e-01 -3.646553566884314090e-01 3.775095739522499549e+00 3.904308426212170335e+00 3.934047140698214040e+00 3.863987658675054782e+00 4.094899284918453120e+00 7.462636476186123025e-01 4.344632693565176340e-01 3.853464919869542538e-01 3.342590883792285750e-01 2.306003069741213440e-01 7.323158719506192571e-02 -5.434809269031080914e-02 -2.041183187507134567e-01 -3.720983407340132665e-01 -5.893985695940209268e-01 -9.946400236359793645e-01 9.946400236359793645e-01
1.981986345249697745e-02 -1.981986345249697745e-02 7.281477560566934626e-03 2.511750342563658922e-01 -4.586017481895191539e-01 3.699448906913168411e+00 3.968692861914205228e+00 4.027517956310568081e+00 3.897737566715112401e+00 4.260838226875437229e+00 1.145752139743528408e+00 6.134958823553737783e-01 5.050740357229867028e-01 4.133851661394301047e-01 2.565199414652498122e-01 2.824960507944528076e-02 -1.476915245720817893e-01 -3.512119978510488960e-01 -5.799343160474492720e-01 -8.775585548810068692e-01 -1.440677446131470862e+00 1.440677446131470862e+00
1.806105913025550791e-01 -1.806105913025550791e-01 -1.482827409547116393e-01 1.834851123441738896e-01 -7.054420933185944209e-01 3.388210549927593185e+00 3.814448237325864355e+00 3.925059246417178294e+00 3.733860910466781036e+00 4.264339933513656256e+00 1.485087652933078983e+00 8.722012833150315503e-01 7.672190678361053839e-01 6.821642385154187416e-01 5.009430090580793138e-01 2.051418048161485763e-01 -3.147344233728334439e-02 -3.058846835790682284e-01 -6.124417456397635018e-01 -9.984000837309356946e-01 -1.701517481492115458e+00 1.701517481492115458e+00
2.293092633526499224e-01 -2.293092633526499224e-01 -1.881523643074834717e-01 2.378635319401282699e-01 -7.592607873774466221e-01 3.246067138173621025e+00 3.889734972882287423e+00 4.075922296007052026e+00 3.799385322723066949e+00 4.468686290758622448e+00 1.898275909035306075e+00 1.078068657759925664e+00 8.850414622281691512e-01 7.486608512855188469e-01 5.114066800273243674e-01 1.397828009368065338e-01 -1.439269535038368297e-01 -4.619827475318121213e-01 -8.145969477867524011e-01 -1.254137034761745984e+00 -2.050987045570602074e+00 2.050987045570602074e+00
4.663604648229501826e-01 -4.663604648229501826e-01 -4.251233029159724452e-01 7.633554264592402883e-02 -9.698582520661962469e-01 2.864402093972993057e+00 3.700004113658867944e+00 3.980369189627507076e+00 3.608574889839060162e+00 4.423730159699158726e+00 2.172296064023336193e+00 1.321099833271916602e+00 1.137806508278359718e+00 1.024496476119011623e+00 7.843525009602385634e-01 3.552273266469923030e-01 1.844752412130413327e-02 -3.602040323181540105e-01 -7.795993062548461916e-01 -1.286764711379165371e+00 -2.164257700192875333e+00 2.164257700192875333e+00
5.936255244424439859e-01 -5.936255244424439859e-01 -5.455888063305287528e-01 2.820180903842380710e-02 -9.633213474005195565e-01 2.714514835507621182e+00 3.783402437060698453e+00 4.192146196491111532e+00 3.709310557691083865e+00 4.645164480592804068e+00 2.598191100462723835e+00 1.574005149397791348e+00 1.275279650818164523e+00 1.091986633347637792e+00 7.864190517027528360e-01 2.688566162020000205e-01 -1.179813169006393436e-01 -5.334512056413424075e-01 -9.876540209841144780e-01 -1.528133670960748480e+00 -2.444315916125336940e+00 2.444315916125336940e+00
9.094576200012430833e-01 -9.094576200012430833e-01 -8.686096960646463305e-01 -2.723367988660307382e-01 -1.139011868670697591e+00 2.346993655183281291e+00 3.572443296416196290e+00 4.113308409941315524e+00 3.502017377954723898e+00 4.540063003950774778e+00 2.792232340143632197e+00 1.793177190887755401e+00 1.518347199437166894e+00 1.372414363166866602e+00 1.084834160391296543e+00 5.188835544035658165e-01 8.903089259014713985e-02 -3.749931405345600655e-01 -8.844161397201178998e-01 -1.476529701918568360e+00 -2.426554097588388803e+00 2.426554097588388803e+00
1.101556639610936639e+00 -1.101556639610936639e+00 -1.058862913512334414e+00 -4.557541367880477701e-01 -1.078242398759154508e+00 2.281642943935034751e+00 3.661170690724850463e+00 4.366836274392190020e+00 3.624138898180256252e+00 4.764696364900387060e+00 3.225346899147044866e+00 2.103915741995625144e+00 1.696049814087215779e+00 1.452661717429143851e+00 1.081984224243794035e+00 4.080271090072716267e-01 -7.575418608625543448e-02 -5.714919489878321768e-01 -1.106831667191637836e+00 -1.718844602591245829e+00 -2.668861742629270672e+00 2.668861742629270672e+00
1.439203833171325275e+00 -1.439203833171325275e+00 -1.407591912442756943e+00 -8.668896695720601508e-01 -1.210681130754845514e+00 2.005283517435456631e+00 3.403576807497378454e+00 4.256391721119101135e+00 3.361819335991208302e+00 4.575078797735974590e+00 3.313952678541320918e+00 2.279551290364160376e+00 1.924660642269815369e+00 1.732596619300268648e+00 1.398687811112498069e+00 6.831347233571737343e-01 1.708911343140956385e-01 -3.579011816501233567e-01 -9.343732223902339040e-01 -1.584591803857744896e+00 -2.535687175687844963e+00 2.535687175687844963e+00
1.546284818648416826e+00 -1.546284818648416826e+00 -1.508360766629776029e+00 -1.023264603410682483e+00 -1.035912380924266740e+00 2.040236671285005077e+00 3.376528928238420324e+00 4.398630204962439727e+00 3.396996543016490566e+00 4.747974247966931571e+00 3.730383274194865262e+00 2.644217736124838236e+00 2.151423643375558914e+00 1.825047677989832584e+00 1.381894667694317791e+00 5.338322394607234456e-01 -3.198424890195013942e-02 -5.861007019129620410e-01 -1.179925240743616044e+00 -1.840732390419485220e+00 -2.767451151488043770e+00 2.767451151488043770e+00
1.744405687479719136e+00 -1.744405687479719136e+00 -1.696176484630562475e+00 -1.291262214942561437e+00 -1.024886800978321855e+00 1.842985736450180045e+00 2.961940472758659126e+00 4.084925079353795674e+00 2.946602068755244996e+00 4.369763496637272482e+00 3.649374299438317149e+00 2.735481301924080455e+00 2.348628294760236823e+00 2.092217501312488626e+00 1.704531490193353926e+00 8.194173796690321643e-01 2.467954075038939765e-01 -3.193530027394974602e-01 -9.355739804649496616e-01 -1.620223539580768257e+00 -2.525187142929716799e+00 2.525187142929716799e+00
1.569144485688718671e+00 -1.569144485688718671e+00 -1.501693941082074435e+00 -1.147727768692802908e+00 -6.824207731905173047e-01 1.886133367609672318e+00 2.740746652337079592e+00 3.987671015836577570e+00 2.818827523800593760e+00 4.396461256754006008e+00 4.019947286426861055e+00 3.132708742520405654e+00 2.600198246066485197e+00 2.161223142516289553e+00 1.636694751090484790e+00 5.980228483237567394e-01 -1.508543720573745327e-02 -5.936706090330009511e-01 -1.215789739676454762e+00 -1.901942538262321625e+00 -2.767116403171844929e+00 2.767116403171844929e+00
1.591135438479725162e+00 -1.591135438479725162e+00 -1.492744513505813275e+00 -1.170615878375081964e+00 -5.734549852187962315e-01 1.668482784517106632e+00 2.208433138561131770e+00 3.457576059505637733e+00 2.214594434300646952e+00 3.753917856889775528e+00 3.750618878046587223e+00 3.126768789663486814e+00 2.758612929380744205e+00 2.405298055015351100e+00 1.954030396162637961e+00 8.807897337454173581e-01 2.923235107078983597e-01 -2.673902288900612545e-01 -8.837084094524122468e-01 -1.572898339152938529e+00 -2.397007803402543047e+00 2.397007803402543047e+00
1.179365681769787733e+00 -1.179365681769787733e+00 -1.080281801937880148e+00 -8.134379036888643721e-01 -2.199693637546148162e-01 1.642914576862839260e+00 1.956955670499565425e+00 3.254847335310220302e+00 2.107201163633148688e+00 3.662618561397128047e+00 4.180248203004628849e+00 3.599458027923110759e+00 3.009985833010275336e+00 2.396939285097885897e+00 1.787051408279017206e+00 5.517399659674263601e-01 -4.607617966320141922e-02 -5.969860728656037896e-01 -1.205276224837138699e+00 -1.886670221911154632e+00 -2.660961073517739806e+00 2.660961073517739806e+00
1.128151410858063031e+00 -1.128151410858063031e+00 -1.008080046961315146e+00 -7.592578650296466503e-01 -1.853204793149386131e-01 1.312238950586643860e+00 1.412166486455366465e+00 2.580904835352565652e+00 1.486065210266373171e+00 2.751321501520084922e+00 3.797116065312168942e+00 3.555195208467887724e+00 3.163745559738480484e+00 2.631582226590456930e+00 2.102087497248920300e+00 8.273689240355392993e-01 2.946439831912445184e-01 -1.913458165861773030e-01 -7.472321701302897523e-01 -1.394031304683346573e+00 -2.101632642628653791e+00 2.101632642628653791e+00
6.187380107776651039e-01 -6.187380107776651039e-01 -5.311262914827254988e-01 -3.602991847434227068e-01 8.485022800143897370e-02 1.213921496967903524e+00 1.248744202210486876e+00 2.347334255173124884e+00 1.544394997046443008e+00 2.649824689305946723e+00 4.496706002735070484e+00 4.169515272243446979e+00 3.360334094163356600e+00 2.477467336955751165e+00 1.793082900063771135e+00 3.735815807000946731e-01 -1.147829164026885479e-01 -5.655054628104011494e-01 -1.103297843529579714e+00 -1.737660185896407583e+00 -2.390520499536574750e+00 2.390520499536574750e+00
5.652387916063227324e-01 -5.652387916063227324e-01 -4.788876047721967177e-01 -3.392119864063100620e-01 -5.185720211699856863e-03 7.452724918981873392e-01 7.009090350696517424e-01 1.470490198847957730e+00 8.495144642019591963e-01 1.453743238996293874e+00 4.117325928393016810e+00 4.165618362197448299e+00 3.542950987153690168e+00 2.715785168020338869e+00 2.097318015218997633e+00 6.224357134216421672e-01 2.482134420201702329e-01 -7.166265426237847236e-02 -4.752509282986221439e-01 -9.939559077073687465e-01 -1.523905107361153144e+00 1.523905107361153144e+00
-1.925496713850415043e-03 1.925496713850415043e-03 2.377156388365134904e-02 6.344657812332228641e-02 2.105535741283040829e-01 6.048410827625047004e-01 6.319419566483154282e-01 1.185090709507702122e+00 1.069886314605054123e+00 1.565891030149682006e+00 5.392528539073665250e+00 4.773659864494936400e+00 3.491546582840150847e+00 2.316448279347255834e+00 1.579144879716721350e+00 4.179174205898628786e-03 -2.389984681499536801e-01 -4.764181888426549660e-01 -8.461963871986017960e-01 -1.340127916515607698e+00 -1.798391899784669068e+00 1.798391899784669068e+00
0.000000000000000000e+00 0.000000000000000000e+00 0.000000000000000000e+00 0.000000000000000000e+00 0.000000000000000000e+00 0.000000000000000000e+00 0.000000000000000000e+00 0.000000000000000000e+00 0.000000000000000000e+00 0.000000000000000000e+00 5.386147430655235269e+00 4.769152960627824456e+00 3.489980492630145648e+00 2.314385292762181301e+00 1.577897714338415636e+00 0.000000000000000000e+00 0.000000000000000000e+00 0.000000000000000000e+00 0.000000000000000000e+00 0.000000000000000000e+00 0.000000000000000000e+00 0.000000000000000000e+00
-0.000000000000000000e+00 0.000000000000000000e+00 0.000000000000000000e+00 0.000000000000000000e+00 0.000000000000000000e+00 0.000000000000000000e+00 0.000000000000000000e+00 0.000000000000000000e+00 0.000000000000000000e+00 0.000000000000000000e+00 5.386147430655235269e+00 4.769152960627824456e+00 3.489980492630145648e+00 2.314385292762181301e+00 1.577897714338415636e+00 0.000000000000000000e+00 0.000000000000000000e+00 0.000000000000000000e+00 0.000000000000000000e+00 0.000000000000000000e+00 0.000000000000000000e+00 -0.000000000000000000e+00
