0.000000000000000000e+00 0.000000000000000000e+00 0.000000000000000000e+00 0.000000000000000000e+00 0.000000000000000000e+00 4.000000000000000000e+00 4.000000000000000000e+00 4.000000000000000000e+00 4.000000000000000000e+00 4.000000000000000000e+00 0.000000000000000000e+00 0.000000000000000000e+00 0.000000000000000000e+00 0.000000000000000000e+00 0.000000000000000000e+00 0.000000000000000000e+00 0.000000000000000000e+00 0.000000000000000000e+00 0.000000000000000000e+00 0.000000000000000000e+00 0.000000000000000000e+00 0.000000000000000000e+00
-2.164310066710047054e-01 2.164310066710047054e-01 1.138460555050290479e-01 7.446528183852972882e-01 -1.534340078689716114e+00 2.466471329439417826e+00 4.104850860993740191e+00 4.090280377806072565e+00 3.837973405430591178e+00 3.792063387985053602e+00 -1.381728341793776904e+00 1.084817993928875179e-01 -2.019003067810171692e-01 -1.781935420524048963e-01 -1.854419862923172013e-01 -1.892466242342325800e-01 -1.910517151054069163e-01 -1.903416944171203995e-01 -1.864372668768254915e-01 -1.729700469996951762e-01 -1.217993278859593742e-01 1.217993278859593742e-01
-5.965604768053320850e-01 5.965604768053320850e-01 5.440188861754886585e-01 7.152561886421859860e-01 -8.981218037908301755e-01 3.020143707955096790e+00 3.361876115752427285e+00 3.204493960752239357e+00 3.247670922124958892e+00 3.336853422627052534e+00 -1.092000135175362541e+00 -1.054452787280094755e-02 -1.372615878204090367e-01 -1.424771890406092978e-01 -1.650873077196702288e-01 -1.828717505637273977e-01 -1.961077666616835025e-01 -2.048525465294414594e-01 -2.082427027599375591e-01 -1.949503529356226283e-01 -1.126107933985979054e-01 1.126107933985979054e-01
-4.611038484346686728e-01 4.611038484346686728e-01 4.729118375798023188e-01 1.042720805724623556e+00 -7.956876892252786604e-01 2.387626963078063547e+00 2.591261041696669931e+00 3.265523978924526283e+00 3.422713972240064795e+00 3.213632437405173459e+00 -6.225255905835174186e-01 -1.751389377851319401e-02 -6.854106439199246503e-02 -1.049337661604735072e-01 -1.434510799430142036e-01 -1.713000955654773727e-01 -1.905697793793903194e-01 -2.032736959033588364e-01 -2.100841714773129532e-01 -1.997733631088305095e-01 -1.079501404564190969e-01 1.079501404564190969e-01
1.134950010533126941e+00 -1.134950010533126941e+00 -1.416718385672895097e+00 1.573774365226628946e+00 2.761498020771635531e-02 1.279408169799070905e+00 3.737950237117943164e+00 3.803293374383574843e+00 3.910424033237787533e+00 3.478889051253250653e+00 -2.222227458221428253e-01 -5.987341004967382946e-02 -5.825386185652420279e-02 -9.890563461254371636e-02 -1.418887492273800677e-01 -1.735424401177121101e-01 -1.950160504748765788e-01 -2.089043003818916167e-01 -2.168448947977690278e-01 -2.087941380985684492e-01 -1.134034657312597422e-01 1.134034657312597422e-01
1.329554809310675267e+00 -1.329554809310675267e+00 -1.811434283839415960e+00 -1.951711601067236401e+00 -3.164860055406630401e+00 6.158331766915607020e+00 4.583030847285565201e+00 4.306322084621337254e+00 4.170740597513656667e+00 3.963039148079007035e+00 -5.548175002671987960e-02 -1.637275696964019256e-01 -1.102237921232688822e-01 -1.326433014193239279e-01 -1.657144113420498110e-01 -1.918453247213768864e-01 -2.094447769106713153e-01 -2.204506609397446082e-01 -2.268499903456681344e-01 -2.202111087195477157e-01 -1.251282430588232797e-01 1.251282430588232797e-01
1.548000364766657144e+00 -1.548000364766657144e+00 -1.970965017159423294e+00 -1.494033633840897934e+00 -4.990134652670755067e+00 6.859908803969889668e+00 4.989535142895419995e+00 4.670325210735520649e+00 4.408690416941096757e+00 4.066039486637692768e+00 -1.108671780330042628e-01 -2.922790002498201201e-01 -2.054857723645548973e-01 -2.054327221143917026e-01 -2.173371162258799505e-01 -2.280696415201726446e-01 -2.349260857940201619e-01 -2.385875058363721990e-01 -2.406366176059282214e-01 -2.340912822901353996e-01 -1.413233540012681366e-01 1.413233540012681366e-01
1.514266222950042318e+00 -1.514266222950042318e+00 -1.750751907564042975e+00 -1.236211112532741740e+00 -3.859338689639463471e+00 6.204725450866004799e+00 4.592119816570781943e+00 4.364335556155348961e+00 4.524974129213558349e+00 4.068546989350163123e+00 -3.969877868216605821e-01 -4.213118357070139153e-01 -3.270669487884356186e-01 -3.045865156405493934e-01 -2.888080144148633677e-01 -2.774536079498741148e-01 -2.684308782207517896e-01 -2.612461862114941469e-01 -2.566965829082869521e-01 -2.490314978811938307e-01 -1.600387319820737730e-01 1.600387319820737730e-01
1.336363234999965455e+00 -1.336363234999965455e+00 -1.427817121242685117e+00 -8.521902906613667561e-01 -2.656438064624914386e+00 4.759901886741228161e+00 4.358755370623448755e+00 4.330574476298156839e+00 4.393020140865310452e+00 4.767821206065330664e+00 -1.117804870234986092e+00 -6.006595250844272149e-01 -4.766778396138395268e-01 -4.168497007389847520e-01 -3.680629679824497513e-01 -3.315620953165528406e-01 -3.043354000912539825e-01 -2.846058379811097216e-01 -2.722895191522025637e-01 -2.627684856080552689e-01 -1.790264294481571927e-01 1.790264294481571927e-01
1.120215191272335264e+00 -1.120215191272335264e+00 -1.117185194188750286e+00 -5.406585354491010298e-01 -2.064532049016590598e+00 3.815064189699832298e+00 4.225419591819666643e+00 4.665386052452254795e+00 4.508909069586075624e+00 4.996033053589819417e+00 -1.976792990236728498e+00 -7.763818509822963954e-01 -6.182410020302034903e-01 -5.202881425722586384e-01 -4.407664269077357089e-01 -3.806693339416034050e-01 -3.359604358790048151e-01 -3.039956695176476154e-01 -2.840107857688395354e-01 -2.725715893095765896e-01 -1.957749588434753996e-01 1.957749588434753996e-01
9.295065946067002649e-01 -9.295065946067002649e-01 -8.834382917564514992e-01 -4.430019803245639487e-01 -1.849926667179280892e+00 4.239005016544391324e+00 4.094467859598807991e+00 4.383526517632333253e+00 4.441541709463158405e+00 4.688842523479811675e+00 -2.359834011435263168e+00 -8.937593318140725218e-01 -7.264168226418161733e-01 -6.011831907400022601e-01 -4.965729021241358510e-01 -4.167187735512528635e-01 -3.572319805332542786e-01 -3.149206960540548161e-01 -2.884751512837843146e-01 -2.757247047484073788e-01 -2.077588093272344505e-01 2.077588093272344505e-01
7.692211828170003596e-01 -7.692211828170003596e-01 -6.961453884624754229e-01 -3.791016064600384317e-01 -1.478603811379432864e+00 3.979344345701353092e+00 4.300709650909968040e+00 3.949849610316387150e+00 3.865510999683074544e+00 5.035767825487076799e+00 -2.576196933137812284e+00 -1.022302680356014015e+00 -8.073785467924867731e-01 -6.543411704139084906e-01 -5.286469926924668439e-01 -4.336465488461007656e-01 -3.633177877561186153e-01 -3.136933075686554884e-01 -2.828435901726679136e-01 -2.699369386968279438e-01 -2.127463537183842957e-01 2.127463537183842957e-01
6.288371214694965516e-01 -6.288371214694965516e-01 -5.221351082659423382e-01 -2.565529695857363679e-01 -9.335634882444319160e-01 2.485834743041878347e+00 4.406010654869384702e+00 4.271723095668466641e+00 3.891225041063590684e+00 4.859265675219043068e+00 -2.674884536702961224e+00 -1.156730482062335863e+00 -8.529767376381868216e-01 -6.712787630549776896e-01 -5.306213705413623805e-01 -4.268211173309444662e-01 -3.507893477816662053e-01 -2.977813900349567389e-01 -2.651759715090455938e-01 -2.536396301793422126e-01 -2.090656847545743213e-01 2.090656847545743213e-01
5.112772371174001407e-01 -5.112772371174001407e-01 -3.765895064650629509e-01 -1.509148698913517495e-01 -5.852630309098235672e-01 2.132570704886818547e+00 3.616713897656088417e+00 3.974701815204583433e+00 4.229835286762534174e+00 4.467600036472198610e+00 -2.517991666120334759e+00 -1.240925006869036951e+00 -8.429104557382659513e-01 -6.412059841019582818e-01 -4.970610121330329978e-01 -3.933802950117020747e-01 -3.178955265597167013e-01 -2.660620086414606233e-01 -2.346562178748331784e-01 -2.261679756149448939e-01 -1.957695742673115635e-01 1.957695742673115635e-01
4.180747464420024873e-01 -4.180747464420024873e-01 -2.718336426762537061e-01 -1.116749821540169163e-01 -4.073329382425265321e-01 2.765059207503137717e+00 2.705940262985047529e+00 3.176752800127512710e+00 3.630084178749509061e+00 3.603432613571499132e+00 -1.475674528246710082e+00 -1.123910363580515437e+00 -7.550676988511662024e-01 -5.586154362313925370e-01 -4.262303826504509341e-01 -3.332139020339863200e-01 -2.649311135805738071e-01 -2.190081007742545327e-01 -1.917084791202524896e-01 -1.878295465496161165e-01 -1.726659800959153002e-01 1.726659800959153002e-01
3.384275538606712486e-01 -3.384275538606712486e-01 -1.900451277257454996e-01 -8.764034650270891014e-02 -1.956706786423776656e-01 2.103216216305905384e+00 3.325855008648922695e+00 3.009749036610372297e+00 2.715164201226416107e+00 1.160917277527427460e+00 5.601299195918943430e-02 -7.073625924793714992e-01 -5.779815903370938424e-01 -4.277531165063240826e-01 -3.216830293142641795e-01 -2.495284365361923606e-01 -1.944015596865227291e-01 -1.587393725653784282e-01 -1.379949686055554070e-01 -1.398547408055389463e-01 -1.401885604613306580e-01 1.401885604613306580e-01
2.588246432420460708e-01 -2.588246432420460708e-01 -1.110782325928203612e-01 -3.682567700398023391e-02 2.663013988556921577e-02 2.353545668024232262e-01 3.473094686429730071e+00 4.095433552366633201e+00 3.045440411958846738e+00 -9.337595136379044369e-01 1.406533308057226483e-01 -2.352708143536948460e-01 -3.370515784341248100e-01 -2.611003586599183746e-01 -1.909542525498684473e-01 -1.485555147127562980e-01 -1.108945550120551682e-01 -8.891599878947885338e-02 -7.629211695399212845e-02 -8.421935306265997123e-02 -9.907517769073978520e-02 9.907517769073978520e-02
1.708449633686599523e-01 -1.708449633686599523e-01 -2.861686088261230360e-02 3.523831746738527448e-02 1.576184534174676077e-01 -7.856510343845726219e-01 4.354223827063867347e+00 2.060228971741079107e+00 4.194982620370818260e+00 -1.375450806063678533e+00 -4.103798000796296530e-01 -5.645767975021518531e-02 -1.109958679405576160e-01 -7.856841592250339568e-02 -4.309812947268513300e-02 -3.923647497093465941e-02 -2.103776519576943879e-02 -1.457376200038491831e-02 -1.028587639625057164e-02 -2.334892126213479469e-02 -4.981107994582652937e-02 4.981107994582652937e-02
6.826269889110642142e-02 -6.826269889110642142e-02 6.016289900046648681e-02 1.392563669715637664e-01 3.394518017216910377e-01 -1.191493572507086041e-01 4.144268059454848663e-01 4.821216103050302237e+00 2.026925795528419449e+00 -6.101816773633286228e-01 -5.500308539442634315e-01 5.422369199078425767e-02 8.871845543714679261e-02 1.069773276902465237e-01 1.170704795857115954e-01 6.869695481633125711e-02 6.816193692249761238e-02 5.969041538213698539e-02 5.696566147946444808e-02 4.113721312254883800e-02 8.623280174186015098e-03 -8.623280174186015098e-03
-4.881519459453603771e-02 4.881519459453603771e-02 1.244846460946676947e-01 1.934645514082652951e-01 4.191076562147640905e-01 -3.445476407477083836e-01 5.309477459087315054e+00 2.443585319418457580e-01 -1.996835149107810459e+00 1.136909590849940921e+00 -1.673499956817630085e-01 1.937505977646379607e-01 2.811493726119311809e-01 2.915915779605143809e-01 2.778909367077620485e-01 1.312444559488353535e-01 1.207228900976286545e-01 1.150448689319913675e-01 1.112080665787949091e-01 9.882349926270461715e-02 7.491533087076364394e-02 -7.491533087076364394e-02
0.000000000000000000e+00 0.000000000000000000e+00 0.000000000000000000e+00 0.000000000000000000e+00 0.000000000000000000e+00 0.000000000000000000e+00 0.000000000000000000e+00 0.000000000000000000e+00 0.000000000000000000e+00 0.000000000000000000e+00 2.724592736642437174e-01 3.211160741174339806e-01 3.439539927539139175e-01 3.438492340814287007e-01 3.244452917813294146e-01 0.000000000000000000e+00 0.000000000000000000e+00 0.000000000000000000e+00 0.000000000000000000e+00 0.000000000000000000e+00 0.000000000000000000e+00 0.000000000000000000e+00
-0.000000000000000000e+00 0.000000000000000000e+00 0.000000000000000000e+00 0.000000000000000000e+00 0.000000000000000000e+00 0.000000000000000000e+00 0.000000000000000000e+00 0.000000000000000000e+00 0.000000000000000000e+00 0.000000000000000000e+00 2.724592736642437174e-01 3.211160741174339806e-01 3.439539927539139175e-01 3.438492340814287007e-01 3.244452917813294146e-01 0.000000000000000000e+00 0.000000000000000000e+00 0.000000000000000000e+00 0.000000000000000000e+00 0.000000000000000000e+00 0.000000000000000000e+00 -0.000000000000000000e+00
