-0.000000000000000000e+00 5.191726776280467526e+00 9.765947083926420635e-01 2.099624999331558772e+00 1.073264890314366227e+00 3.783527970368251725e-01 5.473540549463286053e-01 3.484063923057520440e-01 1.337736114346797268e-02 -7.482769892971633530e-01 -2.093561489663851471e+00 -1.242509790106667067e+00 -1.327057327279595356e+00 -1.144202592733718493e+00 -1.008939196485283629e+00 -8.799459226161285841e-01 -7.589953474142557832e-01 -6.433206328067023749e-01 -5.261158358425862547e-01 -3.943983259797028684e-01 -0.000000000000000000e+00 -0.000000000000000000e+00
0.000000000000000000e+00 -5.191726776280467526e+00 -9.765947083926420635e-01 -2.099624999331558772e+00 -1.073264890314366227e+00 -3.783527970368251725e-01 -5.473540549463286053e-01 -3.484063923057520440e-01 -1.337736114346797268e-02 7.482769892971633530e-01 2.093561489663851471e+00 1.242509790106667067e+00 1.327057327279595356e+00 1.144202592733718493e+00 1.008939196485283629e+00 8.799459226161285841e-01 7.589953474142557832e-01 6.433206328067023749e-01 5.261158358425862547e-01 3.943983259797028684e-01 0.000000000000000000e+00 0.000000000000000000e+00
0.000000000000000000e+00 3.561806222725346860e+00 3.959169522961933030e+00 5.258270251176899723e-01 1.378982696405530950e+00 -1.330327809779616510e+00 -1.523405099009238761e-01 8.547544483432555351e-01 1.192753518938322044e+00 1.571494119354376995e+00 8.978893599170233442e-01 7.786052722486189737e-01 6.136684821065544471e-01 5.646744321197925132e-01 4.903188349820428171e-01 4.344859613080276350e-01 3.944623529732977918e-01 3.659364478959863387e-01 3.396472612674307778e-01 2.998112344598815038e-01 0.000000000000000000e+00 0.000000000000000000e+00
0.000000000000000000e+00 5.302660214820376083e+00 5.913684169807886803e+00 1.091058096179515324e+00 -1.341554553421648643e+00 2.863064899732002289e+00 1.575377654601105348e+00 1.367613606053349251e+00 1.194885967178260566e+00 9.911511541242979950e-01 1.112730838793251742e+00 1.097696887440367197e+00 8.199338429700069319e-01 7.132401306536440000e-01 6.058701715528856946e-01 5.161245297309825508e-01 4.433376994694619433e-01 3.854443772486345066e-01 3.378054704844917766e-01 2.901922956931546338e-01 0.000000000000000000e+00 0.000000000000000000e+00
0.000000000000000000e+00 -1.202153803760046324e+00 -3.665065901435927032e+00 7.323530889189163950e+00 -1.842975168500613492e-01 4.602309773823098027e+00 3.780289095103178454e+00 2.301832788482544689e+00 9.326018405182007198e-01 -1.927493934204599912e-01 3.908825168207580303e-01 9.847001357633973218e-01 7.740328677644071620e-01 6.405481551987229905e-01 5.282019195005016599e-01 4.460693808718986797e-01 3.862343435474102638e-01 3.421730487284815880e-01 3.076082160144162914e-01 2.737847316020990407e-01 0.000000000000000000e+00 0.000000000000000000e+00
0.000000000000000000e+00 -5.168442860573719821e-01 1.756228370928834215e+00 -8.605525011425504411e-01 1.160171332920443099e+01 3.655457367638893729e+00 2.325505289487252547e+00 6.826716505696900361e-01 2.429224637977062395e-01 -1.034518909874749593e+00 -3.871596045748041948e-01 1.091131582407975475e+00 7.773899083446954572e-01 5.896603906721202826e-01 4.606726086739518222e-01 3.839973122446083131e-01 3.356610154733252749e-01 3.033719257064915187e-01 2.800272102953607622e-01 2.588666789320243633e-01 0.000000000000000000e+00 0.000000000000000000e+00
0.000000000000000000e+00 1.086751050122477302e+00 1.397093290847152725e+00 4.268164400609796516e+00 7.737023156730343132e+00 1.994345017807828357e+00 -2.443363496327456419e-01 -4.113705046881178662e-01 -2.959492816993548048e-01 -9.386885796698707374e-01 -1.005655126865692806e+00 1.445618245884463526e+00 6.951629187914886154e-01 4.467696713359908256e-01 3.355520906871535258e-01 2.886749984892983401e-01 2.671949275239287602e-01 2.560749852695496376e-01 2.494643074065550914e-01 2.436051737308356224e-01 0.000000000000000000e+00 0.000000000000000000e+00
0.000000000000000000e+00 -8.939819451365529357e-01 -1.372800224310735562e+00 -1.358020206629131810e+00 -4.010279920758319072e+00 -2.348662252857995014e+00 -1.779947179396541290e-01 -2.561541656644464315e-01 -1.208749369877401891e+00 -1.590182652373987038e+00 -1.051455997861770797e+00 2.807255519837423829e-01 2.274050143829096926e-01 1.488778211537521434e-01 1.461524108384388843e-01 1.668724365580275260e-01 1.886282186571250075e-01 2.057507070773929858e-01 2.187356828230607453e-01 2.289100550395013478e-01 0.000000000000000000e+00 0.000000000000000000e+00
0.000000000000000000e+00 -9.041147132628387650e-01 -2.194363898815387071e+00 -3.546571771524896999e+00 -6.884335179862523191e+00 -2.481992845482666077e+00 4.225519638580793602e-01 2.034041648661323975e+00 2.972163773150108823e-01 -2.938671414697389128e+00 -8.478876809514515056e-01 -1.918997404665750972e+00 -7.007507458431944114e-01 -2.875878029417505699e-01 -8.225945394428567370e-02 3.799652002157030001e-02 1.125264324728064286e-01 1.598219419949114817e-01 1.917204458715833781e-01 2.162661213713658881e-01 0.000000000000000000e+00 0.000000000000000000e+00
0.000000000000000000e+00 -1.545798848926828395e+00 -3.147453318053037297e+00 -4.327900906691946048e+00 -6.731711310092478584e+00 -5.004828762906218920e+00 -4.806402616774237302e+00 -6.404599040124776543e+00 -3.971171175942617371e+00 -3.782961263720361789e+00 -2.312011953027304667e+00 -2.576601983853059163e+00 -1.440463722212047992e+00 -6.417101077532820774e-01 -2.556084485161899122e-01 -5.404246533939575242e-02 6.049068214002523841e-02 1.291069043384210635e-01 1.735995887904417112e-01 2.075890133382801706e-01 0.000000000000000000e+00 0.000000000000000000e+00
0.000000000000000000e+00 -1.261777875512339220e+00 -2.062517512335837910e+00 -4.388978703297242490e+00 -5.068263950875152801e+00 -4.550430102263931076e+00 -3.427175952407866433e+00 -3.748337328387817635e+00 -3.062886224393057244e+00 6.391606075802452880e-01 -3.846678367431298207e-01 -7.399221613825315291e-01 -9.414824263754005829e-01 -5.346509498100490143e-01 -2.456951418764910522e-01 -6.221800707944078607e-02 5.218114456330921053e-02 1.226109948262285448e-01 1.685454922511284148e-01 2.043887349561424038e-01 0.000000000000000000e+00 0.000000000000000000e+00
0.000000000000000000e+00 -9.060323799315621596e-01 -1.722843544887231015e+00 -2.789727403682802809e+00 -1.175814781888918858e+00 -1.554225970481902586e+00 -2.867529905333421780e+00 5.159451402367789541e-01 1.256914231276098359e+00 -3.099754767623400520e-01 -2.736232981215071525e-01 -3.343546996168820229e-01 -4.499297483258578034e-01 -2.448225095393579409e-01 -1.054614195572795149e-01 5.798382384537413559e-03 8.869345605302285385e-02 1.421261365248222275e-01 1.777314986760768767e-01 2.071140073650116764e-01 0.000000000000000000e+00 0.000000000000000000e+00
0.000000000000000000e+00 -8.497802603212548656e-01 -1.594298209735372840e+00 -8.883717200210506926e-01 -1.006786351739770602e+00 -1.469097771792332863e-01 1.339247016397361989e+00 1.039312792764701850e-02 6.244467875858261685e-01 8.754206386571321552e-01 2.555270473732499381e-01 -2.617494689460011514e-01 -2.175569465684102088e-01 3.669549319950573662e-03 8.083311985913571585e-02 1.184803755069118031e-01 1.572017156203261989e-01 1.819433545514776429e-01 1.986469419676524795e-01 2.148773503151031328e-01 0.000000000000000000e+00 0.000000000000000000e+00
0.000000000000000000e+00 -8.312848273757954543e-01 -1.447850965033449233e+00 -8.745665079466001801e-01 -1.630522761098704088e+00 -2.381510898296292922e+00 -3.549295977877738650e+00 -1.168470362805645868e+00 -1.761746971681772855e+00 8.503288593449044308e-01 4.813140521615035250e-01 6.117063170214261936e-01 2.007287049807474633e-01 2.141001882916578336e-01 2.532194383242461488e-01 2.346492695187090416e-01 2.352786774795920521e-01 2.306386622098737793e-01 2.258168064685289189e-01 2.256985006117909198e-01 0.000000000000000000e+00 0.000000000000000000e+00
0.000000000000000000e+00 -7.176486155962383817e-01 -1.406352671003290977e+00 -9.491316462777783514e-01 1.030068158443962378e+00 1.003282764990207188e+00 2.220197434607559028e+00 -1.505270805206567752e+00 1.198066703651706311e+00 2.908224063788310332e+00 1.466655878019055947e+00 1.735477073972845563e+00 8.588220405529793933e-01 5.402617903422147760e-01 4.610814258004451438e-01 3.584355076757063108e-01 3.147580230835874127e-01 2.805690459476720688e-01 2.544027659422633536e-01 2.375599807230165395e-01 0.000000000000000000e+00 0.000000000000000000e+00
0.000000000000000000e+00 -4.142270327346748715e-01 -3.257613963198638385e-02 2.129794312314018168e+00 1.312778171564594754e+00 1.242673212773608427e+00 -2.425273809437243688e+00 2.055613023598334088e+00 -3.135420103299662586e-01 -1.672700276899483918e-01 9.414913946828875613e-01 1.593372491277363467e+00 1.089094073508297678e+00 6.693558772344209151e-01 5.915028630458381009e-01 4.488694393377193892e-01 3.766666181374419553e-01 3.222121237392785442e-01 2.795145386245310171e-01 2.485200341442226901e-01 0.000000000000000000e+00 0.000000000000000000e+00
0.000000000000000000e+00 2.289233865104969734e+00 4.700539962874156430e+00 4.056647343134043737e+00 2.534995569564152174e+00 2.291092885441861959e+00 6.293807520583841963e+00 1.358620574568035755e+00 1.678033179440916456e+00 3.382183706235817766e+00 1.249478382233997431e+00 5.550574924090483364e-01 1.391961028668081024e+00 6.869446993738718144e-01 6.270323119870048201e-01 4.961419264395346418e-01 4.143731199453049574e-01 3.512896583877168077e-01 2.986639394528692870e-01 2.575468220177788981e-01 0.000000000000000000e+00 0.000000000000000000e+00
0.000000000000000000e+00 -7.720681314206070400e-01 -1.534911524009099804e+00 -1.983420949589367765e+00 1.751255439255414936e+00 7.064922341558170782e-01 -4.395450504987143070e+00 1.271707012361225075e+00 1.788608691140332718e+00 -3.123386265855399468e+00 -1.015046513990677690e+00 -1.114580871563986220e+00 1.380760019476149791e+00 6.425494370026426649e-01 5.841802017123092217e-01 5.128953622906323728e-01 4.349806910891153566e-01 3.699974777263925763e-01 3.123943451653082848e-01 2.648649389224364548e-01 0.000000000000000000e+00 0.000000000000000000e+00
0.000000000000000000e+00 -5.038027962492293010e-01 -7.799050713372551735e-01 -5.673127833334895564e-01 -2.097294421750966809e+00 1.567590123543906866e-01 5.002947048930511897e+00 -1.799367460519727624e+00 -2.058780056818986459e+00 6.867520039130896592e+00 1.788898255184405928e+00 1.402167248787008713e+00 1.483063631854842634e-01 6.691455730348910835e-01 5.999132011177502610e-01 5.362609257778183647e-01 4.514396030568921803e-01 3.834045429269616889e-01 3.232145880158062146e-01 2.718815697677265386e-01 0.000000000000000000e+00 0.000000000000000000e+00
0.000000000000000000e+00 -4.334953347458844752e-01 -5.255946872537561321e-01 -5.756343029308685910e-01 1.104665704285787253e+00 -3.480409287893382775e+00 -5.426218953305416370e+00 2.287632005624208986e+00 3.654547017334479175e+00 2.101124308907666549e+00 2.906518036311545039e+00 1.588842861762505665e+00 1.115232628483596278e+00 8.346102326745793443e-01 5.727933240221199096e-01 5.077919883925823274e-01 4.283489709832972170e-01 3.688572946641990868e-01 3.186970039209186534e-01 2.752178210509988454e-01 0.000000000000000000e+00 0.000000000000000000e+00
0.000000000000000000e+00 -4.762317101295714394e-01 -9.150622145796569740e-01 -3.076405736550043013e-01 -3.840745745240004450e+00 2.077827739558167686e+00 5.524150735333142492e+00 4.894888821897832365e+00 6.147988166870072213e+00 4.195355529360989877e+00 3.479229448655408952e+00 1.748035902873321223e+00 1.307729165439924346e+00 1.240705473516049873e+00 8.780142159067996221e-01 8.070690316781620188e-01 6.918919206647421438e-01 5.777410401546201335e-01 4.690858315175999160e-01 3.593909291301285447e-01 0.000000000000000000e+00 0.000000000000000000e+00
-0.000000000000000000e+00 4.762317101295714394e-01 9.150622145796569740e-01 3.076405736550043013e-01 3.840745745240004450e+00 -2.077827739558167686e+00 -5.524150735333142492e+00 -4.894888821897832365e+00 -6.147988166870072213e+00 -4.195355529360989877e+00 -3.479229448655408952e+00 -1.748035902873321223e+00 -1.307729165439924346e+00 -1.240705473516049873e+00 -8.780142159067996221e-01 -8.070690316781620188e-01 -6.918919206647421438e-01 -5.777410401546201335e-01 -4.690858315175999160e-01 -3.593909291301285447e-01 -0.000000000000000000e+00 -0.000000000000000000e+00
