-0.000000000000000000e+00 1.083457593883879189e-01 1.947932923887566448e-01 3.566848739428854498e-01 2.673641438874787002e-01 2.788033259900592475e-01 3.362025305150769805e-01 3.973410304047719221e-01 4.181849495564767261e-01 5.204669977512532686e-01 9.114823341977658089e-01 1.102445490235424597e+00 1.247509308988578480e+00 1.352264268622467513e+00 1.397521817594999050e+00 1.364105217549006266e+00 1.271606207206617656e+00 1.110152219037280563e+00 8.700706368837959337e-01 5.235787818941174399e-01 -0.000000000000000000e+00 -0.000000000000000000e+00
0.000000000000000000e+00 -1.083457593883879189e-01 -1.947932923887566448e-01 -3.566848739428854498e-01 -2.673641438874787002e-01 -2.788033259900592475e-01 -3.362025305150769805e-01 -3.973410304047719221e-01 -4.181849495564767261e-01 -5.204669977512532686e-01 -9.114823341977658089e-01 -1.102445490235424597e+00 -1.247509308988578480e+00 -1.352264268622467513e+00 -1.397521817594999050e+00 -1.364105217549006266e+00 -1.271606207206617656e+00 -1.110152219037280563e+00 -8.700706368837959337e-01 -5.235787818941174399e-01 0.000000000000000000e+00 0.000000000000000000e+00
0.000000000000000000e+00 5.856119773035248222e-02 1.391840845203948240e-01 1.387750073972021658e-01 3.833238594528580734e-01 5.888832369371094222e-01 7.111894348049233594e-01 8.074966770778490011e-01 9.335693000041545009e-01 9.101699417644149026e-01 5.241419085605730777e-01 2.498621591822182963e-01 -2.120054100872856631e-02 -2.814849097218525831e-01 -4.976081030118017501e-01 -6.350369884122146757e-01 -7.039688096805116757e-01 -6.920854594910048618e-01 -5.908496242811346333e-01 -3.787234704774138372e-01 0.000000000000000000e+00 0.000000000000000000e+00
0.000000000000000000e+00 -5.353071171112233628e-02 -8.577165365974946665e-02 -2.054279576510800176e-01 -1.114815689643211261e-01 -3.583473975161818870e-02 -1.002191793595478414e-01 -1.936899992988926344e-01 -2.274399119881697628e-01 -3.933788588156714727e-01 -7.928673559211938393e-01 -9.718999739027209817e-01 -1.091627522506222414e+00 -1.170753604918543411e+00 -1.196673243734327263e+00 -1.151691265525673247e+00 -1.058347837040758188e+00 -9.112541607549193845e-01 -7.034181876084294460e-01 -4.152582037941643933e-01 0.000000000000000000e+00 0.000000000000000000e+00
0.000000000000000000e+00 1.300069497336293067e-01 2.855711663366679587e-01 3.532610854359071184e-01 6.001014269106043075e-01 9.113397794858747458e-01 1.065584399004412042e+00 1.168043103279880590e+00 1.331919753491748182e+00 1.328418040531712307e+00 9.890825208748527109e-01 7.303771134489511763e-01 4.682320750115116503e-01 1.994529966020762157e-01 -4.497007660878257068e-02 -2.218622814153670686e-01 -3.380803680621338736e-01 -3.834076859863404518e-01 -3.509002592087245853e-01 -2.300587322695041292e-01 0.000000000000000000e+00 0.000000000000000000e+00
0.000000000000000000e+00 1.791362530662408276e-02 5.778324635232137685e-02 3.404823359089688938e-03 5.722351300710998290e-02 1.993669194357776953e-01 1.240801777574500608e-01 -2.678287861337733805e-02 -9.230729815908754465e-02 -2.966536630389153273e-01 -7.098419269486153649e-01 -9.157093092036986404e-01 -1.033531711228695249e+00 -1.100028331290224815e+00 -1.110492009039782069e+00 -1.045133011283088109e+00 -9.326795054427011733e-01 -7.765814459014376281e-01 -5.744262471503719381e-01 -3.186892984285475405e-01 0.000000000000000000e+00 0.000000000000000000e+00
0.000000000000000000e+00 2.062659627907343918e-01 4.432368987484905931e-01 6.047648841362308625e-01 8.153623437543147112e-01 1.197027381835032545e+00 1.386758234019773939e+00 1.482311332606189191e+00 1.673121757110695773e+00 1.718077879396124219e+00 1.444057715431936728e+00 1.201026530944863335e+00 9.482614761200385267e-01 6.724258429087784927e-01 3.994800141811759020e-01 1.840354814357250679e-01 2.166099768956080557e-02 -8.011772259445616717e-02 -1.151153680318241224e-01 -8.248769406770603552e-02 0.000000000000000000e+00 0.000000000000000000e+00
0.000000000000000000e+00 9.647888646333045715e-02 2.169443869381510459e-01 2.650781162214747577e-01 2.585412059399136431e-01 4.084284576234923914e-01 3.250301264283212421e-01 1.132531109271592146e-01 1.251743379638174669e-02 -2.089168968195023735e-01 -6.348119432006221752e-01 -8.877172692691522871e-01 -1.025190421529410978e+00 -1.092680588040408907e+00 -1.094747147416410327e+00 -1.008376444767492774e+00 -8.719476105269168276e-01 -6.987004428199811157e-01 -4.906457324159550493e-01 -2.492767757736011058e-01 0.000000000000000000e+00 0.000000000000000000e+00
0.000000000000000000e+00 2.850463535943932869e-01 6.080672401706544994e-01 9.086058434238544201e-01 1.084296358657782511e+00 1.451817531694167940e+00 1.662776663959357526e+00 1.741614441230170618e+00 1.948907610988388495e+00 2.054009077183693410e+00 1.859967826815461578e+00 1.640795774639352667e+00 1.397728215572855204e+00 1.117300475778275626e+00 8.188853578090016239e-01 5.688584112279067018e-01 3.618461944494111293e-01 2.033881233064021576e-01 1.001502373911600241e-01 4.854626518987978367e-02 0.000000000000000000e+00 0.000000000000000000e+00
0.000000000000000000e+00 1.613159111609852314e-01 3.515691253003726535e-01 5.349864583532781825e-01 4.742169821194885948e-01 5.395676857326311415e-01 4.508402826497174276e-01 1.973124084782869603e-01 7.519087780594113646e-02 -1.494424940865347606e-01 -5.825570642820196987e-01 -8.932956265820638508e-01 -1.070998252175481946e+00 -1.151245616884555956e+00 -1.148395690458209550e+00 -1.037539253836585296e+00 -8.727541827949136799e-01 -6.762553806634297171e-01 -4.538398580621026412e-01 -2.115249606981615960e-01 0.000000000000000000e+00 0.000000000000000000e+00
0.000000000000000000e+00 3.068675323572214175e-01 6.555965279038638016e-01 1.066732055707565463e+00 1.199170781236403638e+00 1.475530199927725050e+00 1.733124074179245966e+00 1.843568617510392915e+00 2.105888169013218736e+00 2.295505724984617579e+00 2.206899934142698250e+00 2.031264374325412625e+00 1.802653534950894088e+00 1.522718622393143040e+00 1.206015025581978595e+00 9.309074022565605455e-01 6.842620740483675856e-01 4.706713002431854864e-01 2.982128504618405396e-01 1.639600483444269563e-01 0.000000000000000000e+00 0.000000000000000000e+00
0.000000000000000000e+00 7.630945519546439293e-02 1.770783059979006979e-01 3.334532348563615800e-01 1.586844785583802486e-01 1.237313169008713298e-01 1.507791871850466536e-01 8.540693399424696686e-03 -2.663652431275173246e-02 -1.995319857368269278e-01 -6.159625928396532668e-01 -9.806290500461205539e-01 -1.207392062345507444e+00 -1.299843131720535450e+00 -1.283049998244167655e+00 -1.133747523322695905e+00 -9.308721479157636702e-01 -7.026726341197140346e-01 -4.571206207477938599e-01 -2.009800375691487284e-01 0.000000000000000000e+00 0.000000000000000000e+00
0.000000000000000000e+00 1.673506252716203679e-01 3.551663399642133179e-01 6.231639466264061733e-01 6.121383603571838306e-01 8.093892875582581192e-01 1.223977734262263750e+00 1.537682850151043779e+00 1.988077313965057824e+00 2.366288054352209347e+00 2.447297017917212436e+00 2.356033440925240807e+00 2.158828778599418907e+00 1.891658944828297439e+00 1.569022112609419928e+00 1.283436963626790384e+00 1.004657299586265040e+00 7.379095940891945427e-01 4.935583289401258567e-01 2.730494747926845989e-01 0.000000000000000000e+00 0.000000000000000000e+00
0.000000000000000000e+00 -2.060270231916527806e-01 -4.005095698989068476e-01 -5.440440207979905241e-01 -8.865100546228650291e-01 -9.296576930722915133e-01 -7.084638810295288414e-01 -6.112098267925644146e-01 -4.834352918138083433e-01 -5.101330623784738894e-01 -8.807060600529128536e-01 -1.277933511336902805e+00 -1.529503473091188059e+00 -1.598509124272045723e+00 -1.530672394449006157e+00 -1.309277871483133238e+00 -1.047397034061688270e+00 -7.730794338062538795e-01 -4.928636792428446878e-01 -2.111446837212385963e-01 0.000000000000000000e+00 0.000000000000000000e+00
0.000000000000000000e+00 -8.777942902294118277e-03 -1.772737341698571445e-02 5.160731938971684259e-03 -1.038050616487289773e-01 1.138455146612463859e-01 6.461590206422308524e-01 1.176253968339032729e+00 1.780487048557927388e+00 2.423030438702647338e+00 2.692358837139734895e+00 2.698298780055131907e+00 2.539884087017926451e+00 2.295809165240031202e+00 1.978473511530680407e+00 1.695706618316514147e+00 1.388297663620004618e+00 1.062017277862128628e+00 7.299359433110597095e-01 4.008917412627062693e-01 0.000000000000000000e+00 0.000000000000000000e+00
0.000000000000000000e+00 -4.425414125029666357e-01 -8.550041267238146503e-01 -1.212182105314803637e+00 -1.565667731850069355e+00 -1.540099530316803689e+00 -1.288622069292747696e+00 -1.085893352893775976e+00 -9.785000906052517822e-01 -8.872008038890244475e-01 -1.316830137821643598e+00 -1.789519385057547485e+00 -2.040892297459245164e+00 -2.032533535923283452e+00 -1.865554555832850792e+00 -1.536504795093601272e+00 -1.198105110843389554e+00 -8.685092719392496496e-01 -5.469414604589541984e-01 -2.331695803538922918e-01 0.000000000000000000e+00 0.000000000000000000e+00
0.000000000000000000e+00 -8.198617347478241724e-02 -1.541879307600445836e-01 -2.083679728169908485e-01 -2.430168616690856487e-01 8.765875928125992089e-02 6.324479372030155089e-01 1.306390430380105050e+00 1.927526376457642021e+00 2.838823428701767959e+00 3.221955558584951085e+00 3.266218370233736845e+00 3.112458635869259194e+00 2.877815687090656827e+00 2.562779591337779106e+00 2.287150627149079796e+00 1.946430458967829180e+00 1.540790198279017753e+00 1.082746140174587923e+00 5.901072206384855301e-01 0.000000000000000000e+00 0.000000000000000000e+00
0.000000000000000000e+00 -5.401900467411773210e-01 -1.017143804132888407e+00 -1.416102487232276941e+00 -1.686273198200826329e+00 -1.587955748993467697e+00 -1.424533469818870524e+00 -1.190962895255266885e+00 -1.249292688072281221e+00 -1.147795882180516980e+00 -1.847385826070283565e+00 -2.461705896313682640e+00 -2.658294437060070958e+00 -2.504179553463351748e+00 -2.195174961893828325e+00 -1.741387623629123249e+00 -1.331960728446176745e+00 -9.578010858758131407e-01 -6.017354152890831420e-01 -2.581065359880404531e-01 0.000000000000000000e+00 0.000000000000000000e+00
0.000000000000000000e+00 -8.427326202165534574e-02 -1.365119502033737553e-01 -1.575991507075039655e-01 -6.756320530901369081e-02 4.010857963646920488e-01 9.489209595992770252e-01 1.825765011599660204e+00 2.520645539794773793e+00 3.716726985234885650e+00 4.096107054593467467e+00 4.100003959661378872e+00 3.917387061799468828e+00 3.679069226087066546e+00 3.374834106605935080e+00 3.125979969978462947e+00 2.762983608156933446e+00 2.269140796796486281e+00 1.641093879398834110e+00 8.973895997376365452e-01 0.000000000000000000e+00 0.000000000000000000e+00
0.000000000000000000e+00 -5.979418021865958721e-01 -1.100600971843800568e+00 -1.503259537845316407e+00 -1.718998834096042705e+00 -1.578567427269665924e+00 -1.509600351500879567e+00 -1.224200865099834390e+00 -1.444572718662588073e+00 -1.556720513124022709e+00 -2.831923127188761047e+00 -3.439964632872097638e+00 -3.388560231865113348e+00 -2.989223346351416843e+00 -2.471050213786413430e+00 -1.852793677223810276e+00 -1.365581769360183273e+00 -9.608262366918584041e-01 -5.898807792637426051e-01 -2.437087714562716223e-01 0.000000000000000000e+00 0.000000000000000000e+00
0.000000000000000000e+00 -5.962322628286043785e-02 -6.662565283106325342e-02 -3.395230541602172608e-02 1.458315027981726408e-01 7.199063207993251501e-01 1.321063631034140373e+00 2.475365604969447020e+00 3.514463738033190676e+00 5.049556892148027387e+00 5.025140278375107350e+00 4.998855914694178892e+00 4.969635210981600437e+00 4.940914335518177047e+00 4.911379361385703746e+00 4.884776733028165729e+00 4.614996159485495575e+00 4.107798067963836175e+00 3.230825627824095658e+00 1.859926732966597829e+00 0.000000000000000000e+00 0.000000000000000000e+00
-0.000000000000000000e+00 5.962322628286043785e-02 6.662565283106325342e-02 3.395230541602172608e-02 -1.458315027981726408e-01 -7.199063207993251501e-01 -1.321063631034140373e+00 -2.475365604969447020e+00 -3.514463738033190676e+00 -5.049556892148027387e+00 -5.025140278375107350e+00 -4.998855914694178892e+00 -4.969635210981600437e+00 -4.940914335518177047e+00 -4.911379361385703746e+00 -4.884776733028165729e+00 -4.614996159485495575e+00 -4.107798067963836175e+00 -3.230825627824095658e+00 -1.859926732966597829e+00 -0.000000000000000000e+00 -0.000000000000000000e+00
