-0.000000000000000000e+00 6.996037640413640957e-02 1.051520083064969163e-01 2.171501329132668745e-01 3.936834770050615107e-02 5.300097355161612935e-03 1.238505046691842221e-02 1.973574057161683187e-02 -9.263533860473269904e-03 4.038617336030144583e-02 3.733822554816723094e-01 5.295921258627909189e-01 6.514043278896501921e-01 7.374473970051873550e-01 7.698404937356732036e-01 7.481654566395553596e-01 6.947662769976918895e-01 6.010785213739373578e-01 4.649213016653471753e-01 2.754322771853213170e-01 -0.000000000000000000e+00 -0.000000000000000000e+00
0.000000000000000000e+00 -6.996037640413640957e-02 -1.051520083064969163e-01 -2.171501329132668745e-01 -3.936834770050615107e-02 -5.300097355161612935e-03 -1.238505046691842221e-02 -1.973574057161683187e-02 9.263533860473269904e-03 -4.038617336030144583e-02 -3.733822554816723094e-01 -5.295921258627909189e-01 -6.514043278896501921e-01 -7.374473970051873550e-01 -7.698404937356732036e-01 -7.481654566395553596e-01 -6.947662769976918895e-01 -6.010785213739373578e-01 -4.649213016653471753e-01 -2.754322771853213170e-01 0.000000000000000000e+00 0.000000000000000000e+00
0.000000000000000000e+00 -1.474375888530258388e-02 6.813732784432832354e-03 -4.920698840958379061e-02 1.757740558538469222e-01 3.113187246110983852e-01 3.679912628059824886e-01 4.048342105141136682e-01 4.683727642702265048e-01 4.008365506239436882e-01 3.453833081620124451e-02 -1.686271750543620607e-01 -3.350724307384940204e-01 -4.643477183559165944e-01 -5.387577053783081382e-01 -5.573585085116191662e-01 -5.421892153994228858e-01 -4.855466974414531234e-01 -3.857301255920252969e-01 -2.331070189682571403e-01 0.000000000000000000e+00 0.000000000000000000e+00
0.000000000000000000e+00 -2.091009055638747699e-02 -7.818383813805774435e-03 -8.251092200578086233e-02 8.811090705183378946e-02 1.952931448656453628e-01 1.794219484286837529e-01 1.510968709427883694e-01 1.828446243356614542e-01 9.351904466263023796e-02 -2.378332776556854600e-01 -3.896536375398089169e-01 -5.056114201891408477e-01 -5.916523730744078780e-01 -6.306088427127427565e-01 -6.205772371979548785e-01 -5.823941642881079739e-01 -5.079834887418641642e-01 -3.944433192464193438e-01 -2.323481686332026508e-01 0.000000000000000000e+00 0.000000000000000000e+00
0.000000000000000000e+00 6.552909346576038518e-02 1.688131079325163875e-01 1.887647679318498195e-01 4.165033815629911040e-01 6.574364105263731384e-01 7.495961298178255294e-01 7.944793491713834088e-01 8.792622241620524637e-01 7.999123588437053733e-01 4.259746743187980966e-01 1.696580118961972528e-01 -4.889416101817210120e-02 -2.296401822500170331e-01 -3.514667971825000681e-01 -4.098190679742935716e-01 -4.264259727177682757e-01 -3.966654424466576900e-01 -3.200359645374301065e-01 -1.911498000365345340e-01 0.000000000000000000e+00 0.000000000000000000e+00
0.000000000000000000e+00 3.157767461707704226e-02 9.574537177695864598e-02 6.814879067515157429e-02 1.739129818618149192e-01 3.228198034540160632e-01 2.808590186310041537e-01 1.926914927578903536e-01 1.907395563689028295e-01 6.719287739495713452e-02 -2.602808227130953833e-01 -4.227043420741129487e-01 -5.322509267316349879e-01 -6.084100159848715439e-01 -6.366905369088068367e-01 -6.151180587664752952e-01 -5.660950369916309954e-01 -4.845328707022186765e-01 -3.668419069930320964e-01 -2.062245948292008579e-01 0.000000000000000000e+00 0.000000000000000000e+00
0.000000000000000000e+00 1.466044927761437633e-01 3.320778503575005924e-01 4.493898216004131307e-01 6.429174594322366598e-01 9.686198976498304747e-01 1.117648690762320651e+00 1.184530939288784612e+00 1.312482175150396113e+00 1.276370361190138691e+00 9.355597877859983535e-01 6.359394112579663805e-01 3.558690131692158198e-01 1.033969730678500065e-01 -8.966514851091962612e-02 -2.090049831630124422e-01 -2.742115042946330350e-01 -2.839236945088674524e-01 -2.388673633544503017e-01 -1.392543119661537321e-01 0.000000000000000000e+00 0.000000000000000000e+00
0.000000000000000000e+00 7.112981859974422394e-02 1.721157927859712222e-01 2.056378043454128723e-01 2.161137637435968095e-01 3.588072786658536018e-01 2.969764070405023770e-01 1.460221033347315900e-01 9.976552064255175822e-02 -5.797466620220605854e-02 -3.991419078741195170e-01 -5.929504606900644070e-01 -7.054780424112582216e-01 -7.663409672812766527e-01 -7.672663693923060801e-01 -7.108338282240659334e-01 -6.263889308582208937e-01 -5.147102179305839131e-01 -3.720600049273814491e-01 -1.941017276738352948e-01 0.000000000000000000e+00 0.000000000000000000e+00
0.000000000000000000e+00 2.148714521863323845e-01 4.687154895095614893e-01 7.030506822274287249e-01 8.550134656226870966e-01 1.200784312685814204e+00 1.407452486510130329e+00 1.508649771976237730e+00 1.700063738394740342e+00 1.756632926567507802e+00 1.507159820526677185e+00 1.215954603580329474e+00 9.007363526062716064e-01 5.810166041474932319e-01 3.045979111182778865e-01 1.033780822653696668e-01 -3.506564619372004588e-02 -1.089388392311258780e-01 -1.181771494390076171e-01 -6.779882037748712065e-02 0.000000000000000000e+00 0.000000000000000000e+00
0.000000000000000000e+00 9.040286883752939040e-02 2.077748239992556756e-01 3.131352843410462050e-01 2.303130425038128204e-01 3.015473475273985349e-01 2.355619287552648267e-01 5.091979591039384745e-02 -2.403905029005210317e-02 -2.054360203419627606e-01 -5.765738908769186821e-01 -8.327824935266764372e-01 -9.772754883440041285e-01 -1.034456373282739206e+00 -1.003034493217537237e+00 -8.956378124667867535e-01 -7.560717384169355348e-01 -5.946070336442637050e-01 -4.092003450100442641e-01 -1.977521422004715201e-01 0.000000000000000000e+00 0.000000000000000000e+00
0.000000000000000000e+00 2.456729314242621642e-01 5.289533565639399360e-01 8.597246437760098781e-01 9.639042979618016593e-01 1.250617201791026201e+00 1.510348182892446989e+00 1.666353389152834596e+00 1.939702690262452789e+00 2.121426064166576531e+00 2.008802205013343389e+00 1.785829133881918995e+00 1.489798650299101856e+00 1.146690907022146710e+00 8.136151413785617237e-01 5.385699859497005137e-01 3.172542844091338354e-01 1.572836205580229185e-01 6.452125041758144386e-02 3.385960647869426521e-02 0.000000000000000000e+00 0.000000000000000000e+00
0.000000000000000000e+00 4.542101619501655307e-02 1.145529757239715091e-01 2.266682731181119403e-01 4.187474280504586283e-02 1.315405732618884702e-02 1.322355968760211475e-03 -1.343968688514181054e-01 -1.815043184673036103e-01 -3.453172299748770158e-01 -7.403763109973275913e-01 -1.073701569800014521e+00 -1.273089547597519022e+00 -1.339887821885995089e+00 -1.279018429018850211e+00 -1.116709829617377192e+00 -9.163856012089370839e-01 -6.984415277237906450e-01 -4.638265198311589121e-01 -2.122311623684226822e-01 0.000000000000000000e+00 0.000000000000000000e+00
0.000000000000000000e+00 1.878240590346725303e-01 4.045966644956368596e-01 7.016061988211661493e-01 7.194548335575756681e-01 9.344550161829844326e-01 1.295871482589162182e+00 1.584593923469124643e+00 1.988442425049546269e+00 2.345177605003844423e+00 2.395729632093093642e+00 2.267715512187852056e+00 2.020749256747877531e+00 1.694842298911923173e+00 1.349435443383869782e+00 1.036906832128533740e+00 7.502970227532775871e-01 5.020700061000198389e-01 3.066456015215894837e-01 1.653958103714645578e-01 0.000000000000000000e+00 0.000000000000000000e+00
0.000000000000000000e+00 -1.281048281284929147e-01 -2.373485027630483912e-01 -2.914414571336895743e-01 -5.984501326653923758e-01 -6.554538420441023971e-01 -5.258960366790452756e-01 -5.081070181491663673e-01 -4.707654591883388417e-01 -5.489846143898091668e-01 -9.597365799049287771e-01 -1.369130991493484162e+00 -1.616656176302440739e+00 -1.676162821135234626e+00 -1.568808634318177964e+00 -1.341147301108984946e+00 -1.078105779671466147e+00 -8.048503505504234212e-01 -5.230628959122380905e-01 -2.322958816667361204e-01 0.000000000000000000e+00 0.000000000000000000e+00
0.000000000000000000e+00 4.957136801399648907e-02 1.140852063236043323e-01 2.334843090752153905e-01 1.629467884844202630e-01 3.941942042074646491e-01 8.940831395801872583e-01 1.382896058543491069e+00 1.934847910531542148e+00 2.543104596227942604e+00 2.770666426575596475e+00 2.737948390354104866e+00 2.538235215320550520e+00 2.239653670727791646e+00 1.904731184917726416e+00 1.581837527665721055e+00 1.248051358230308994e+00 9.151865096578182257e-01 6.037879500832256108e-01 3.254782242859831642e-01 0.000000000000000000e+00 0.000000000000000000e+00
0.000000000000000000e+00 -3.632165744168022736e-01 -6.961632760848281976e-01 -9.737469462858204805e-01 -1.329339440769085945e+00 -1.309122986552723411e+00 -1.078781168023613457e+00 -9.193475241761803751e-01 -8.590022554972693847e-01 -8.215855176959038220e-01 -1.308366093313988232e+00 -1.816757285305693692e+00 -2.083015543806634895e+00 -2.083866486990350264e+00 -1.886907624688748841e+00 -1.569364485860073488e+00 -1.236752047945222310e+00 -9.087184391078159118e-01 -5.825287545527783051e-01 -2.551924214474787789e-01 0.000000000000000000e+00 0.000000000000000000e+00
0.000000000000000000e+00 -5.805489223327526399e-02 -1.007615123597925266e-01 -1.158367421645578738e-01 -1.714474259065207062e-01 1.707852642936375509e-01 7.418355642161686969e-01 1.411751169853005194e+00 2.045434632888138982e+00 2.953392414976261371e+00 3.317529414818503497e+00 3.338070110111501787e+00 3.157107443742297015e+00 2.876445349757551284e+00 2.559688441331560149e+00 2.242723780468837358e+00 1.871728851805311677e+00 1.449971867938798287e+00 9.977848591283499102e-01 5.379714587747226329e-01 0.000000000000000000e+00 0.000000000000000000e+00
0.000000000000000000e+00 -5.239561428700004742e-01 -9.860253928011959434e-01 -1.374651933078504085e+00 -1.683474413722170215e+00 -1.565963410200746919e+00 -1.363453432432055745e+00 -1.136516805306260425e+00 -1.176177419748310138e+00 -1.093456466172921804e+00 -1.834946527237196090e+00 -2.476888144746725917e+00 -2.682288413044073394e+00 -2.537765328286886835e+00 -2.197262588852724630e+00 -1.769369003384903660e+00 -1.370696683585127307e+00 -9.976537499606157322e-01 -6.352952196910434113e-01 -2.770215085530761678e-01 0.000000000000000000e+00 0.000000000000000000e+00
0.000000000000000000e+00 -8.627343464625690517e-02 -1.411223877730740928e-01 -1.714064228567977188e-01 -1.332003187047733905e-01 3.490100671782124797e-01 9.440936053180778442e-01 1.813581594433941069e+00 2.552460090142091520e+00 3.781354405472273861e+00 4.159936263683153612e+00 4.152083284091032667e+00 3.954275613543059009e+00 3.682253964815054292e+00 3.396011777597758741e+00 3.108909784872563975e+00 2.719248624867926178e+00 2.209294133729531318e+00 1.581286757527419873e+00 8.603498243566465309e-01 0.000000000000000000e+00 0.000000000000000000e+00
0.000000000000000000e+00 -6.116989000178407743e-01 -1.126525023665742697e+00 -1.547042287076141331e+00 -1.806042095034622763e+00 -1.633611011882178721e+00 -1.511379804445702080e+00 -1.246542043405010292e+00 -1.427853300481105148e+00 -1.533696992749549404e+00 -2.858340504077595767e+00 -3.478195197255664617e+00 -3.412317298581985625e+00 -3.001434095470732810e+00 -2.443035883797280317e+00 -1.864987304086775710e+00 -1.397009882824392424e+00 -9.943295044749933531e-01 -6.168801403969592645e-01 -2.573827059406598172e-01 0.000000000000000000e+00 0.000000000000000000e+00
0.000000000000000000e+00 -6.539590425862031042e-02 -7.919630390615166327e-02 -6.464178331346176476e-02 6.429790335150113723e-02 6.582703317460989467e-01 1.314329790250288177e+00 2.445574368780988994e+00 3.536822670666997404e+00 5.136907020143626212e+00 5.102871606357272327e+00 5.067428991295344964e+00 5.032993533585928603e+00 5.007103421981489610e+00 4.988815097905710871e+00 4.898136168992647477e+00 4.606187414437957983e+00 4.086224768705583266e+00 3.203739086208484022e+00 1.841979085549419359e+00 0.000000000000000000e+00 0.000000000000000000e+00
-0.000000000000000000e+00 6.539590425862031042e-02 7.919630390615166327e-02 6.464178331346176476e-02 -6.429790335150113723e-02 -6.582703317460989467e-01 -1.314329790250288177e+00 -2.445574368780988994e+00 -3.536822670666997404e+00 -5.136907020143626212e+00 -5.102871606357272327e+00 -5.067428991295344964e+00 -5.032993533585928603e+00 -5.007103421981489610e+00 -4.988815097905710871e+00 -4.898136168992647477e+00 -4.606187414437957983e+00 -4.086224768705583266e+00 -3.203739086208484022e+00 -1.841979085549419359e+00 -0.000000000000000000e+00 -0.000000000000000000e+00
