-0.000000000000000000e+00 6.762864924498658281e-01 1.020060325494051234e+00 1.994640864308713013e+00 6.902284470728332622e-01 -6.133731587458217671e-01 -2.785939455127651176e-01 4.161371245899930793e-02 1.095137338425292567e-01 1.315037586367467926e-01 -1.020297612030003354e+00 -6.818888458628473703e-01 -6.538620981262839305e-01 -6.021285434508043544e-01 -5.576434029135566295e-01 -5.169628835169240988e-01 -4.780874455275658241e-01 -4.385019820698111137e-01 -3.950120894850072117e-01 -3.380549782027458816e-01 -0.000000000000000000e+00 -0.000000000000000000e+00
0.000000000000000000e+00 -6.762864924498658281e-01 -1.020060325494051234e+00 -1.994640864308713013e+00 -6.902284470728332622e-01 6.133731587458217671e-01 2.785939455127651176e-01 -4.161371245899930793e-02 -1.095137338425292567e-01 -1.315037586367467926e-01 1.020297612030003354e+00 6.818888458628473703e-01 6.538620981262839305e-01 6.021285434508043544e-01 5.576434029135566295e-01 5.169628835169240988e-01 4.780874455275658241e-01 4.385019820698111137e-01 3.950120894850072117e-01 3.380549782027458816e-01 0.000000000000000000e+00 0.000000000000000000e+00
0.000000000000000000e+00 -6.100572005777530338e-01 -1.040230031347876061e+00 -1.010833401750858451e+00 -1.647051676840196599e+00 -2.200724055586202432e+00 -1.457749310607221682e+00 -5.719628938460455947e-01 1.833958914539629559e-02 4.735495541740966097e-01 1.838213472193175879e-01 3.028476741483872026e-01 2.382089548586218686e-01 2.024926015314393590e-01 1.821379226666201834e-01 1.757630487333354807e-01 1.808191000599247422e-01 1.953299519825364705e-01 2.171353877202038540e-01 2.391156935568685415e-01 0.000000000000000000e+00 0.000000000000000000e+00
0.000000000000000000e+00 -9.447086129012435829e-02 -2.336381284096184299e-02 -3.508284301397727178e-01 -4.532625449853941446e-01 1.792541995546563238e-01 9.498692732208302569e-01 8.888392546198573552e-01 7.137962040427852095e-01 8.370171887804060962e-01 3.675426436925234297e-01 3.745120091020198161e-01 3.057914851906685105e-01 2.682480618470834410e-01 2.466118336402379485e-01 2.350401782536283568e-01 2.295021906337214590e-01 2.279233397280079065e-01 2.297648082284473592e-01 2.345878182545828305e-01 0.000000000000000000e+00 0.000000000000000000e+00
0.000000000000000000e+00 1.366126607771942725e+00 3.255756830834881210e+00 2.724703271051967857e+00 1.901400601256241885e+00 3.009619394095884637e+00 1.862930198171841356e+00 1.325160802154203399e+00 8.374507405558245798e-01 5.721941260785047279e-01 1.718912806743188859e-01 2.142507963027811546e-01 2.039635931375529676e-01 1.979354609891667283e-01 1.963731297158886613e-01 1.986154737646805279e-01 2.030617444207471201e-01 2.086923485362957020e-01 2.154530715788787743e-01 2.244738463779364923e-01 0.000000000000000000e+00 0.000000000000000000e+00
0.000000000000000000e+00 -3.532137184939793118e-02 3.593945260868328107e-01 3.884880492044340272e+00 7.077355527219748588e+00 2.198431929574349297e+00 1.353351318796207625e+00 8.503226078846065628e-01 5.900060428845375071e-01 1.058559452986514854e-01 -6.088505127227395591e-02 4.296910759786429224e-02 9.493903710600150314e-02 1.286767031882391221e-01 1.525023646286454981e-01 1.708052486240378420e-01 1.852339745298902385e-01 1.967803346486739768e-01 2.067854298580056593e-01 2.182024002492672643e-01 0.000000000000000000e+00 0.000000000000000000e+00
0.000000000000000000e+00 -1.148089952485859683e-02 1.480498335336435656e-01 -3.096281340822251704e-01 1.515646462679130613e+00 8.140694250148803324e-01 4.075651287048384086e-01 4.356200181623942624e-02 -1.943878184447853374e-01 -2.973881578753124755e-01 -2.420027307622008572e-01 -1.134513011002846322e-01 -1.818932173291490026e-02 5.460009812808368918e-02 1.062228022374734349e-01 1.424471183366909366e-01 1.679284266108846679e-01 1.860652710026672318e-01 1.998518978753596187e-01 2.137320711819140906e-01 0.000000000000000000e+00 0.000000000000000000e+00
0.000000000000000000e+00 -2.636606382119359715e-01 -4.838737481012660990e-01 -7.416962698384454988e-01 -1.872492233430127273e+00 -1.217308880999389276e+00 -8.198935554498776312e-01 -5.139039017292162947e-01 -6.301876149249749925e-01 -6.326951186044401654e-01 -3.465745108039999245e-01 -2.175416763359658279e-01 -9.596050087824666008e-02 3.193291725483420745e-03 7.466418905516299109e-02 1.240481547087477071e-01 1.575529464612968333e-01 1.802116262779057954e-01 1.962715911505493738e-01 2.112118064496280867e-01 0.000000000000000000e+00 0.000000000000000000e+00
0.000000000000000000e+00 -4.078295153661505856e-01 -7.307643020013575574e-01 -1.114785124336158395e+00 -2.317685749948454887e+00 -8.728621865497514509e-01 -6.394977414344178435e-01 -6.057366624997595483e-01 -4.737826751437514416e-01 -1.173056892897347714e+00 -4.522398105469373486e-01 -2.728921222312392647e-01 -1.232812324444733099e-01 -1.101804833832695056e-02 6.823690430664158812e-02 1.223453908397786338e-01 1.582499119869465731e-01 1.816095631557934076e-01 1.972024989363244107e-01 2.109394863491242944e-01 0.000000000000000000e+00 0.000000000000000000e+00
0.000000000000000000e+00 -4.460747457806799043e-01 -7.567066731640716970e-01 -1.068238428860699640e+00 -1.660144445098895805e+00 -7.153067488156916731e-01 -5.819709708856041219e-01 -9.167825480059066390e-01 -1.032671477765819468e+00 -1.260883326377595370e+00 -4.018952074904053040e-01 -2.261728827067667480e-01 -8.460972137730783660e-02 1.882871941658696702e-02 9.153217737438412716e-02 1.406394151275422166e-01 1.722644501562666797e-01 1.916542810645527617e-01 2.033755471964859285e-01 2.131786505691982136e-01 0.000000000000000000e+00 0.000000000000000000e+00
0.000000000000000000e+00 -4.206354913784527971e-01 -6.543823941478263961e-01 -7.520389497690128655e-01 -9.666443322483094791e-01 -1.390585159869398346e+00 -1.259633428540070099e+00 -9.777738947079095411e-01 -9.104065356481468863e-01 -6.032160066514093977e-01 -2.201749865895962499e-01 -1.027975068966422711e-01 5.378312601637509453e-03 8.627335970668682796e-02 1.420798339350613226e-01 1.781292726518031166e-01 1.994008165296531909e-01 2.103258424231599644e-01 2.147902074431987107e-01 2.179433225455905954e-01 0.000000000000000000e+00 0.000000000000000000e+00
0.000000000000000000e+00 -3.902123590216904914e-01 -5.775052626526429034e-01 -6.414056370126673956e-01 -1.012728493454817302e+00 -7.530678233884205985e-01 -9.593096155918156009e-01 -5.256327092660475486e-01 5.039799945282813498e-02 -2.965273036675357687e-01 -8.016438310277713974e-02 4.837896430093559241e-02 1.293406873382894617e-01 1.824986659493301744e-01 2.145727555295012245e-01 2.315005299315041065e-01 2.375863363776513915e-01 2.363589472497110155e-01 2.307273856429391257e-01 2.249396192544675099e-01 0.000000000000000000e+00 0.000000000000000000e+00
0.000000000000000000e+00 -3.703109960676698176e-01 -5.443212765925419250e-01 -6.668699139515552599e-01 -1.211910237714806104e+00 2.815993641854382945e-01 1.762983593526974702e-01 -1.455751269641637202e-01 -1.712891693853610120e-01 5.212979794289735944e-03 1.039005822463770351e-01 2.383283828404402227e-01 2.839265725996238943e-01 3.008641642026871343e-01 3.028385410839261604e-01 2.960131086963006530e-01 2.834846679629982047e-01 2.675727498003931948e-01 2.499051306527746985e-01 2.336078218065502921e-01 0.000000000000000000e+00 0.000000000000000000e+00
0.000000000000000000e+00 -3.474868456076573575e-01 -4.930324477225788149e-01 -5.986705478802707425e-01 -9.469710058154799937e-01 -5.937069683860008995e-01 1.955897879940630968e-01 4.926110675354219981e-01 1.540008208441044357e-01 5.456664585525285993e-01 3.887735869058460136e-01 4.729681106493898168e-01 4.629018277103248424e-01 4.328290477651749457e-01 3.992686884336894004e-01 3.658278652798511721e-01 3.329340433331484661e-01 3.012146613404571571e-01 2.706949072430465675e-01 2.432232523657030798e-01 0.000000000000000000e+00 0.000000000000000000e+00
0.000000000000000000e+00 -3.231294977278222902e-01 -4.278853618084821897e-01 -4.671252499755741971e-01 -6.450553432018881761e-01 -1.277543846491805635e+00 -3.667702125961845860e-01 4.311788016216763220e-01 1.030929908710888743e+00 1.895097330644988531e+00 8.527801917838490064e-01 7.357655475068423101e-01 6.479227896527748332e-01 5.653322408585677028e-01 4.945016105184238397e-01 4.343352167645281869e-01 3.813708031109248053e-01 3.343168946839731870e-01 2.913691555009354506e-01 2.530307261423748733e-01 0.000000000000000000e+00 0.000000000000000000e+00
0.000000000000000000e+00 -3.095742203906239887e-01 -3.913627356040418337e-01 -4.153973716448224329e-01 -6.270596317481861304e-01 3.478335883945391643e-02 -5.851313875243637774e-01 -4.181276247815186031e-01 4.967923519088952578e-01 2.939307687080619402e+00 1.407620165980008053e+00 9.910723939874462873e-01 8.139862846011848285e-01 6.831239640427430038e-01 5.785766099317010136e-01 4.948911437348786913e-01 4.243615892310864668e-01 3.640928605185720923e-01 3.103793496145184627e-01 2.624045436068456194e-01 0.000000000000000000e+00 0.000000000000000000e+00
0.000000000000000000e+00 -3.095299390203432033e-01 -3.884968343838636207e-01 -4.393115042193207476e-01 -6.616123231874776467e-01 1.206249325787340343e+00 1.059009647397796794e+00 -2.667486903394944084e-02 -3.569510804903440193e-01 1.737725709917009587e+00 1.653085370294252066e+00 1.180993591391645614e+00 9.400635787291211631e-01 7.734108201575632391e-01 6.426820427181572093e-01 5.417091202866015642e-01 4.582021150828742839e-01 3.883787408673820551e-01 3.266758888776092329e-01 2.710405009060498083e-01 0.000000000000000000e+00 0.000000000000000000e+00
0.000000000000000000e+00 -3.179067065257520919e-01 -4.003680784261430259e-01 -4.724320731773445359e-01 -6.034203870719941909e-01 4.175852136765005884e-01 -4.635439274611505289e-01 1.571660652605682218e+00 4.221184435940458779e-01 8.638097353901736941e-01 1.414842865632901514e+00 1.236029730386133840e+00 1.009974019264536560e+00 8.274420759273029002e-01 6.795859522920699725e-01 5.702669120460616137e-01 4.804101217904693244e-01 4.060678846381263751e-01 3.400616438002414532e-01 2.791912118102445883e-01 0.000000000000000000e+00 0.000000000000000000e+00
0.000000000000000000e+00 -3.325092981626398547e-01 -4.212890581926602152e-01 -5.253071079123144971e-01 -7.071404564965607653e-01 -1.373642133968525414e+00 2.566154886761904397e+00 -1.948322449772871834e-01 1.973224579402235390e+00 1.207955450217493842e+00 1.347606503587496896e+00 1.236925131350782525e+00 1.037210807488476716e+00 8.516650634139077969e-01 6.914964539264263355e-01 5.835630237499142003e-01 4.943633212951994427e-01 4.200991436323555650e-01 3.528476055409096035e-01 2.883614710089633104e-01 0.000000000000000000e+00 0.000000000000000000e+00
0.000000000000000000e+00 -3.470049411875042455e-01 -4.113266883811345642e-01 -4.655348729642923566e-01 -5.451907276479271980e-01 -3.197924443791861360e-01 -5.214843097785530013e+00 -6.379855269690495323e-01 3.385775417352475003e+00 1.638684148809464558e+00 1.256003290210506051e+00 1.116476384100899111e+00 9.240454665959576541e-01 7.394312160113181154e-01 5.786107585948276899e-01 5.160632572006191854e-01 4.635023037945142366e-01 4.081478500552170319e-01 3.539054448098565842e-01 2.962191585700305607e-01 0.000000000000000000e+00 0.000000000000000000e+00
0.000000000000000000e+00 -4.110389133597736611e-01 -5.164813443644887814e-01 -5.529439216141656122e-01 -3.637634909062762989e-01 -9.382385226554118551e-01 4.141312119396143743e+00 4.155743402950933252e+00 1.928979232790617449e+00 2.835959887676381630e+00 2.166222324241720454e+00 1.808929385877693141e+00 1.516197327119735982e+00 1.234012337982181462e+00 9.575307454425634468e-01 8.588480296986467089e-01 7.496437805539848398e-01 6.347615276081408631e-01 5.160424823015060669e-01 3.849388754276115709e-01 0.000000000000000000e+00 0.000000000000000000e+00
-0.000000000000000000e+00 4.110389133597736611e-01 5.164813443644887814e-01 5.529439216141656122e-01 3.637634909062762989e-01 9.382385226554118551e-01 -4.141312119396143743e+00 -4.155743402950933252e+00 -1.928979232790617449e+00 -2.835959887676381630e+00 -2.166222324241720454e+00 -1.808929385877693141e+00 -1.516197327119735982e+00 -1.234012337982181462e+00 -9.575307454425634468e-01 -8.588480296986467089e-01 -7.496437805539848398e-01 -6.347615276081408631e-01 -5.160424823015060669e-01 -3.849388754276115709e-01 -0.000000000000000000e+00 -0.000000000000000000e+00
